"Date & Time",Temperature,Humidity,PM1.0,PM2.5,PM10
"2024-04-01 00:10:00.0000",8.65,72.71,1.95759963989258,5.17181634902954,11.4844188690186
"2024-04-01 00:20:00.0000",8.63,72.74,2.09750986099243,4.56417083740234,8.32038688659668
"2024-04-01 00:13:38.0000",,,,,
"2024-04-01 00:30:00.0000",8.64,72.7,1.99224996566772,4.38354158401489,8.70647144317627
"2024-04-01 00:31:07.0000",,,,,
"2024-04-01 00:40:00.0000",8.63,72.98,1.88943696022034,4.35686063766479,11.5071907043457
"2024-04-01 00:50:00.0000",8.63,72.78,1.85386025905609,4.41781377792358,13.3193254470825
"2024-04-01 00:49:39.0000",,,,,
"2024-04-01 01:00:00.0000",8.64,72.65,1.75756478309631,4.16464805603027,7.9045934677124
"2024-04-01 01:06:07.0000",,,,,
"2024-04-01 01:10:00.0000",8.61,72.71,1.84790408611298,4.7906699180603,10.6298570632935
"2024-04-01 01:20:00.0000",8.57,73.23,1.47475266456604,4.15303373336792,12.5110425949097
"2024-04-01 01:23:38.0000",,,,,
"2024-04-01 01:30:00.0000",8.61,72.96,1.33263957500458,4.45154619216919,10.1992826461792
"2024-04-01 01:40:00.0000",8.7,72.55,1.01314783096313,2.80103516578674,6.49694013595581
"2024-04-01 01:50:00.0000",8.76,72.15,0.959897458553314,2.73749351501465,8.21537303924561
"2024-04-01 01:41:07.0000",,,,,
"2024-04-01 02:00:00.0000",8.81,71.54,0.7757448554039,1.76190423965454,4.2493314743042
"2024-04-01 01:59:38.0000",,,,,
"2024-04-01 02:10:00.0000",8.75,71.42,0.471760034561157,1.26756834983826,4.5747594833374
"2024-04-01 02:20:00.0000",8.77,71.39,0.422903776168823,1.29333329200745,4.01171541213989
"2024-04-01 02:16:06.0000",,,,,
"2024-04-01 02:30:00.0000",8.8,70.93,0.494652181863785,1.26236319541931,3.91175079345703
"2024-04-01 02:33:41.0000",,,,,
"2024-04-01 02:50:00.0000",8.77,71.02,0.442964106798172,1.09325838088989,4.22151041030884
"2024-04-01 02:40:00.0000",8.8,70.91,0.436131566762924,1.26940131187439,3.69834542274475
"2024-04-01 02:51:09.0000",,,,,
"2024-04-01 03:00:00.0000",8.79,70.66,0.44868928194046,1.10948741436005,3.92506575584412
"2024-04-01 03:10:00.0000",8.7,70.96,0.39863109588623,1.21830534934998,5.21698760986328
"2024-04-01 03:09:37.0000",,,,,
"2024-04-01 03:20:00.0000",8.66,70.8,0.419652104377747,1.14999079704285,3.9785463809967
"2024-04-01 03:30:00.0000",8.62,71.29,0.276979893445969,0.674915015697479,3.23339366912842
"2024-04-01 03:26:09.0000",,,,,
"2024-04-01 03:40:00.0000",8.56,71.49,0.284697324037552,0.88091242313385,5.5759449005127
"2024-04-01 03:50:00.0000",8.58,71.66,0.321598887443542,0.918277859687805,3.4276340007782
"2024-04-01 03:43:38.0000",,,,,
"2024-04-01 04:00:00.0000",8.51,71.87,0.280172795057297,0.665036916732788,3.79439759254456
"2024-04-01 04:01:09.0000",,,,,
"2024-04-01 04:10:00.0000",8.45,72.68,0.344376802444458,0.990407526493073,3.83978486061096
"2024-04-01 04:20:00.0000",8.36,73.77,0.392037272453308,1.03045892715454,5.21728944778442
"2024-04-01 04:19:40.0000",,,,,
"2024-04-01 04:30:00.0000",8.29,74.29,0.447969317436218,1.05974876880646,3.77171063423157
"2024-04-01 04:36:06.0000",,,,,
"2024-04-01 04:40:00.0000",8.26,74.76,0.608798980712891,1.06421959400177,3.33838748931885
"2024-04-01 04:50:00.0000",8.23,75.27,0.728512406349182,1.63663804531097,4.92647218704224
"2024-04-01 04:53:38.0000",,,,,
"2024-04-01 05:00:00.0000",8.22,75.58,0.772240400314331,1.83902013301849,4.81237888336182
"2024-04-01 05:10:00.0000",8.25,75.66,1.03882491588593,2.10537695884705,8.53548812866211
"2024-04-01 05:20:00.0000",8.17,76.28,1.25526058673859,2.62767601013184,7.25351619720459
"2024-04-01 05:11:06.0000",,,,,
"2024-04-01 05:30:00.0000",8.12,76.88,1.40944266319275,2.63511347770691,5.327712059021
"2024-04-01 05:29:38.0000",,,,,
"2024-04-01 05:40:00.0000",7.96,77.96,1.42185032367706,2.81572270393372,5.57570886611938
"2024-04-01 05:50:00.0000",7.86,78.84,1.71769082546234,3.01532745361328,7.77534580230713
"2024-04-01 05:46:06.0000",,,,,
"2024-04-01 06:00:00.0000",7.8,79.59,1.65107500553131,3.20017027854919,10.7204027175903
"2024-04-01 06:03:38.0000",,,,,
"2024-04-01 06:10:00.0000",7.74,79.97,1.77238643169403,3.94749188423157,12.1919498443604
"2024-04-01 06:20:00.0000",7.69,80.52,1.43519127368927,3.31703782081604,7.333336353302
"2024-04-01 06:21:05.0000",,,,,
"2024-04-01 06:30:00.0000",7.65,80.78,1.99612808227539,3.70344805717468,9.12514972686768
"2024-04-01 06:40:00.0000",7.66,80.95,1.98430204391479,3.96047401428223,7.89523029327393
"2024-04-01 06:50:00.0000",7.63,81.49,1.55793797969818,2.94242715835571,5.78033351898193
"2024-04-01 06:39:37.0000",,,,,
"2024-04-01 07:00:00.0000",7.65,81.55,1.52861845493317,3.36820960044861,7.53112649917603
"2024-04-01 06:56:10.0000",,,,,
"2024-04-01 07:10:00.0000",7.65,81.83,1.28546798229218,2.21713399887085,8.54773807525635
"2024-04-01 07:20:00.0000",7.62,82.29,1.36568212509155,3.05331444740295,6.95850276947021
"2024-04-01 07:13:39.0000",,,,,
"2024-04-01 07:30:00.0000",7.56,82.68,1.06328201293945,2.31798076629639,5.81839036941528
"2024-04-01 07:31:03.0000",,,,,
"2024-04-01 07:50:00.0000",7.64,83.4,0.816607713699341,1.71651899814606,4.60360431671143
"2024-04-01 07:40:00.0000",7.61,83.19,0.974271297454834,1.95976519584656,5.29370164871216
"2024-04-01 07:49:35.0000",,,,,
"2024-04-01 08:00:00.0000",7.63,83.49,0.62632143497467,1.35196626186371,4.14910364151001
"2024-04-01 08:06:02.0000",,,,,
"2024-04-01 08:10:00.0000",7.64,83.05,0.65408718585968,1.4284234046936,9.46059322357178
"2024-04-01 08:20:00.0000",7.68,83.02,0.712599396705627,2.32247352600098,5.80948114395142
"2024-04-01 08:23:34.0000",,,,,
"2024-04-01 08:30:00.0000",7.69,83.42,0.495400667190552,0.938359320163727,4.09667491912842
"2024-04-01 08:40:00.0000",7.82,83.01,0.530933737754822,1.02425050735474,7.4645733833313
"2024-04-01 08:50:00.0000",7.86,82.79,0.553460121154785,1.23708736896515,6.54616117477417
"2024-04-01 08:41:07.0000",,,,,
"2024-04-01 09:00:00.0000",7.91,82.54,0.418808430433273,1.01834893226624,8.30302238464355
"2024-04-01 08:59:33.0000",,,,,
"2024-04-01 09:10:00.0000",7.88,82.24,0.413644671440125,1.02238500118256,5.6393666267395
"2024-04-01 09:20:00.0000",7.9,81.95,0.456710577011108,0.916766464710236,3.19555044174194
"2024-04-01 09:16:06.0000",,,,,
"2024-04-01 09:30:00.0000",7.87,82.06,0.278037905693054,0.646710872650146,2.9197986125946
"2024-04-01 09:33:37.0000",,,,,
"2024-04-01 09:50:00.0000",7.88,82.47,0.283542722463608,0.797860860824585,4.89358329772949
"2024-04-01 09:40:00.0000",7.87,82.12,0.443238437175751,0.934432625770569,3.60098934173584
"2024-04-01 09:51:05.0000",,,,,
"2024-04-01 10:00:00.0000",7.96,82.64,0.378244638442993,0.957518517971039,3.8250150680542
"2024-04-01 10:10:00.0000",8.05,82.52,0.366003692150116,0.939538598060608,3.67081379890442
"2024-04-01 10:20:00.0000",8.09,82.41,0.268356114625931,0.863722860813141,5.75035095214844
"2024-04-01 10:09:32.0000",,,,,
"2024-04-01 10:30:00.0000",8.31,82.37,0.53728973865509,1.33206760883331,4.70056438446045
"2024-04-01 10:26:04.0000",,,,,
"2024-04-01 10:40:00.0000",8.29,81.94,0.428915739059448,0.966823041439056,3.74398493766785
"2024-04-01 10:50:00.0000",8.33,81.76,0.48904088139534,1.49848663806915,5.15242671966553
"2024-04-01 10:43:34.0000",,,,,
"2024-04-01 11:00:00.0000",8.32,81.64,0.513590097427368,2.05887055397034,13.1570482254028
"2024-04-01 11:01:04.0000",,,,,
"2024-04-01 11:01:25.0000",,,,,
"2024-04-01 11:20:00.0000",8.23,81.31,0.423485070466995,1.48121929168701,5.33796977996826
"2024-04-01 11:19:36.0000",,,,,
"2024-04-01 11:10:00.0000",8.32,81.34,0.69735312461853,2.0472366809845,6.48224687576294
"2024-04-01 11:30:00.0000",8.29,80.83,0.560817420482635,1.7524688243866,5.00302314758301
"2024-04-01 11:36:04.0000",,,,,
"2024-04-01 11:40:00.0000",8.44,80.48,0.678178668022156,2.35272145271301,8.06047439575195
"2024-04-01 11:50:00.0000",8.65,80.22,1.06656718254089,2.65481686592102,7.60323286056519
"2024-04-01 11:53:32.0000",,,,,
"2024-04-01 12:00:00.0000",8.82,79.3,0.579032838344574,2.00454163551331,10.9767875671387
"2024-04-01 12:10:00.0000",8.74,78.09,0.544231534004211,1.66333770751953,11.3264560699463
"2024-04-01 12:20:00.0000",8.85,77.75,1.27293825149536,4.38388109207153,10.7509031295776
"2024-04-01 12:11:03.0000",,,,,
"2024-04-01 12:30:00.0000",8.94,77.36,1.22620522975922,3.09852600097656,12.0430583953857
"2024-04-01 12:29:32.0000",,,,,
"2024-04-01 12:40:00.0000",8.99,76.82,0.856675863265991,2.50548100471497,6.25940990447998
"2024-04-01 12:50:00.0000",8.9,76.73,0.670125782489777,2.11559653282166,5.97753667831421
"2024-04-01 12:46:01.0000",,,,,
"2024-04-01 13:00:00.0000",8.93,76.92,1.0103098154068,2.85142660140991,10.1077795028687
"2024-04-01 13:03:36.0000",,,,,
"2024-04-01 13:20:00.0000",8.94,77.64,1.24370157718658,2.6226978302002,9.94819068908691
"2024-04-01 13:10:00.0000",8.94,77.22,0.96925151348114,2.5856237411499,7.14009618759155
"2024-04-01 13:21:07.0000",,,,,
"2024-04-01 13:30:00.0000",8.91,78.28,1.46412253379822,3.59290790557861,7.51070928573608
"2024-04-01 13:40:00.0000",8.94,78.77,2.09229779243469,4.11994552612305,10.8646421432495
"2024-04-01 13:50:00.0000",8.94,79.28,2.16412401199341,3.50244688987732,7.61501407623291
"2024-04-01 13:39:31.0000",,,,,
"2024-04-01 14:00:00.0000",8.95,79.34,3.84001326560974,5.65076875686646,9.42540740966797
"2024-04-01 13:56:04.0000",,,,,
"2024-04-01 14:10:00.0000",9.06,79.71,3.46735668182373,5.45950508117676,10.4322347640991
"2024-04-01 14:13:34.0000",,,,,
"2024-04-01 14:20:00.0000",9.19,80.01,2.96343493461609,4.26369285583496,7.26315021514893
"2024-04-01 14:30:00.0000",9.25,80.21,3.39936375617981,4.6941704750061,7.26406955718994
"2024-04-01 14:31:04.0000",,,,,
"2024-04-01 14:40:00.0000",9.42,80.26,3.83552479743958,4.98302555084229,7.69559669494629
"2024-04-01 14:50:00.0000",9.34,80.36,5.22112274169922,6.86811780929565,9.40473937988281
"2024-04-01 14:49:36.0000",,,,,
"2024-04-01 15:00:00.0000",9.4,80.42,5.17207193374634,6.39743614196777,8.79728984832764
"2024-04-01 15:06:02.0000",,,,,
"2024-04-01 15:10:00.0000",9.48,80.92,5.1395001411438,7.51818943023682,11.0596866607666
"2024-04-01 15:20:00.0000",9.69,80.64,3.70186877250671,5.2658896446228,8.21235179901123
"2024-04-01 15:23:31.0000",,,,,
"2024-04-01 15:30:00.0000",9.74,80.32,3.81589698791504,4.92708826065063,7.35416030883789
"2024-04-01 15:40:00.0000",9.94,80.07,3.18240094184875,4.08211469650269,7.11486148834229
"2024-04-01 15:50:00.0000",10.09,79.43,3.33026218414307,4.86094379425049,10.4792442321777
"2024-04-01 15:41:02.0000",,,,,
"2024-04-01 16:00:00.0000",10.19,78.79,2.19558262825012,3.10088467597961,6.53865623474121
"2024-04-01 15:59:34.0000",,,,,
"2024-04-01 16:10:00.0000",10.38,77.96,1.85452711582184,2.72615647315979,6.29350900650024
"2024-04-01 16:20:00.0000",10.54,76.33,1.9712108373642,2.63411211967468,5.21778535842896
"2024-04-01 16:16:01.0000",,,,,
"2024-04-01 16:30:00.0000",10.77,76.22,2.11997056007385,2.99947237968445,11.2348728179932
"2024-04-01 16:33:31.0000",,,,,
"2024-04-01 16:40:00.0000",10.85,75.99,2.53385949134827,4.13232183456421,10.6136808395386
"2024-04-01 16:50:00.0000",10.76,75.72,2.92851996421814,4.91768074035645,7.89969825744629
"2024-04-01 16:51:02.0000",,,,,
"2024-04-01 17:00:00.0000",10.75,75.61,2.53991270065308,3.86649227142334,6.77782249450684
"2024-04-01 17:10:00.0000",10.8,75.78,2.69154691696167,4.58478689193726,10.2844257354736
"2024-04-01 17:20:00.0000",10.85,75.89,2.77985310554504,4.31555223464966,7.5281867980957
"2024-04-01 17:09:33.0000",,,,,
"2024-04-01 17:30:00.0000",10.75,74.58,2.18784499168396,3.21786880493164,8.23621940612793
"2024-04-01 17:26:05.0000",,,,,
"2024-04-01 17:40:00.0000",10.82,74.47,2.77429127693176,4.09548759460449,8.34079456329346
"2024-04-01 17:50:00.0000",10.89,74.58,3.18516325950623,4.37278270721436,9.87186050415039
"2024-04-01 17:43:35.0000",,,,,
"2024-04-01 18:00:00.0000",10.91,74.57,2.52384495735168,3.9901647567749,6.87408494949341
"2024-04-01 18:01:04.0000",,,,,
"2024-04-01 18:10:00.0000",10.66,74.06,2.90335988998413,3.99276494979858,6.48833894729614
"2024-04-01 18:20:00.0000",10.55,73.86,3.04973077774048,3.97674751281738,11.4847421646118
"2024-04-01 18:19:36.0000",,,,,
"2024-04-01 18:30:00.0000",10.56,74.02,3.42354369163513,5.12297296524048,8.33910942077637
"2024-04-01 18:36:04.0000",,,,,
"2024-04-01 18:40:00.0000",10.47,74.04,2.53310227394104,3.5186972618103,5.82721281051636
"2024-04-01 18:50:00.0000",10.28,74,3.27766299247742,4.77346324920654,8.98660373687744
"2024-04-01 18:53:34.0000",,,,,
"2024-04-01 19:10:00.0000",10.05,74.88,3.24527406692505,4.91336393356323,9.11393737792969
"2024-04-01 19:00:00.0000",10.17,74.34,2.9390172958374,4.16400671005249,9.00609493255615
"2024-04-01 19:11:03.0000",,,,,
"2024-04-01 19:20:00.0000",9.9,75,1.22152590751648,2.48765397071838,8.7954626083374
"2024-04-01 19:30:00.0000",9.74,74.92,0.799791038036346,1.80611991882324,6.92555379867554
"2024-04-01 19:40:00.0000",9.61,74.57,2.29821705818176,4.29466676712036,11.6785717010498
"2024-04-01 19:29:34.0000",,,,,
"2024-04-01 19:50:00.0000",9.51,74.45,1.13590896129608,2.58131241798401,5.41452693939209
"2024-04-01 19:46:02.0000",,,,,
"2024-04-01 20:00:00.0000",9.43,74.4,1.03498661518097,2.01643562316895,4.55658769607544
"2024-04-01 20:03:31.0000",,,,,
"2024-04-01 20:20:00.0000",9.32,74.32,2.81872534751892,4.69841384887695,7.79136896133423
"2024-04-01 20:10:00.0000",9.35,74.23,2.95916295051575,5.45377445220947,14.3915719985962
"2024-04-01 20:21:01.0000",,,,,
"2024-04-01 20:30:00.0000",9.22,74.19,0.970647931098938,1.91730308532715,11.3998498916626
"2024-04-01 20:40:00.0000",9.11,74.45,0.880454003810883,1.56492209434509,3.89112520217896
"2024-04-01 20:50:00.0000",8.98,75.45,1.74964189529419,2.89236950874329,6.05283880233765
"2024-04-01 20:39:27.0000",,,,,
"2024-04-01 21:00:00.0000",8.87,75.84,1.74979102611542,2.87310409545898,8.48886108398438
"2024-04-01 20:56:01.0000",,,,,
"2024-04-01 21:10:00.0000",8.74,76,1.08313453197479,1.64996421337128,3.87859964370728
"2024-04-01 21:13:30.0000",,,,,
"2024-04-01 21:20:00.0000",8.68,76.26,1.17886161804199,2.1548068523407,5.33449506759644
"2024-04-01 21:30:00.0000",8.65,76.89,1.54169631004333,2.69205689430237,7.97956132888794
"2024-04-01 21:30:59.0000",,,,,
"2024-04-01 21:40:00.0000",8.57,79.61,1.32137823104858,2.07867383956909,5.56208467483521
"2024-04-01 21:50:00.0000",8.5,78.88,0.698458671569824,1.45983302593231,5.64454650878906
"2024-04-01 21:49:26.0000",,,,,
"2024-04-01 22:00:00.0000",8.47,78.71,0.93569427728653,1.41998505592346,3.71471643447876
"2024-04-01 22:05:58.0000",,,,,
"2024-04-01 22:10:00.0000",8.47,79.01,1.68013346195221,2.67614364624023,5.28926181793213
"2024-04-01 22:20:00.0000",8.48,79.23,1.63295245170593,2.65002250671387,5.52077436447144
"2024-04-01 22:23:29.0000",,,,,
"2024-04-01 22:30:00.0000",8.45,79.61,1.82484817504883,2.97646832466125,6.65668869018555
"2024-04-01 22:40:00.0000",8.39,79.6,1.7654345035553,2.8091197013855,8.46435546875
"2024-04-01 22:50:00.0000",8.31,80.32,1.98298227787018,3.22759747505188,7.65514039993286
"2024-04-01 22:40:58.0000",,,,,
"2024-04-01 23:00:00.0000",8.21,80.16,2.07592415809631,3.13418555259705,7.31373357772827
"2024-04-01 22:59:29.0000",,,,,
"2024-04-01 23:10:00.0000",8.1,80.26,2.47324347496033,3.8545401096344,7.60514116287231
"2024-04-01 23:20:00.0000",7.96,80.69,2.79695987701416,4.1873950958252,7.15857362747192
"2024-04-01 23:15:59.0000",,,,,
"2024-04-01 23:30:00.0000",7.81,80.82,3.34559512138367,4.84257125854492,8.89395141601562
"2024-04-01 23:33:33.0000",,,,,
"2024-04-01 23:40:00.0000",7.66,81.2,3.04526996612549,4.33841514587402,14.1741046905518
"2024-04-01 23:50:00.0000",7.5,81.25,3.29451274871826,4.60770225524902,7.28614568710327
"2024-04-01 23:51:01.0000",,,,,
"2024-04-02 00:00:00.0000",7.4,81.48,4.1657018661499,5.68990087509155,11.0585641860962
"2024-04-02 00:10:00.0000",7.34,81.72,4.49963140487671,6.12490940093994,10.2985143661499
"2024-04-02 00:20:00.0000",7.24,82.11,4.7814679145813,6.47183036804199,9.4089469909668
"2024-04-02 00:09:28.0000",,,,,
"2024-04-02 00:30:00.0000",7.18,82.56,5.30747079849243,6.93470525741577,9.36556816101074
"2024-04-02 00:26:00.0000",,,,,
"2024-04-02 00:40:00.0000",7.18,83.02,7.53496074676514,9.77400302886963,12.4305438995361
"2024-04-02 00:50:00.0000",7.18,84.16,7.81208610534668,10.015326499939,18.383113861084
"2024-04-02 00:43:30.0000",,,,,
"2024-04-02 01:00:00.0000",7.08,83.99,6.75303602218628,9.45427417755127,13.0957117080688
"2024-04-02 01:01:00.0000",,,,,
"2024-04-02 01:10:00.0000",6.99,83.85,6.60126638412476,9.06761646270752,13.2513446807861
"2024-04-02 01:20:00.0000",6.88,83.84,6.87775468826294,8.76691722869873,11.1207075119019
"2024-04-02 01:19:27.0000",,,,,
"2024-04-02 01:30:00.0000",6.74,83.96,5.65411233901978,7.74314832687378,11.3644723892212
"2024-04-02 01:35:59.0000",,,,,
"2024-04-02 01:40:00.0000",6.63,83.93,5.17418670654297,6.97595643997192,9.95328140258789
"2024-04-02 01:50:00.0000",6.69,84.2,6.69513750076294,9.00235652923584,15.3926563262939
"2024-04-02 01:53:30.0000",,,,,
"2024-04-02 02:00:00.0000",6.79,84.8,9.29613208770752,12.1187305450439,14.913013458252
"2024-04-02 02:10:00.0000",6.68,84.68,9.38741302490234,12.6258907318115,18.5761947631836
"2024-04-02 02:20:00.0000",6.8,85.42,10.5122213363647,14.1448373794556,17.6656455993652
"2024-04-02 02:10:57.0000",,,,,
"2024-04-02 02:30:00.0000",6.9,85.28,19.8271293640137,28.3569087982178,33.1071014404297
"2024-04-02 02:29:30.0000",,,,,
"2024-04-02 02:50:00.0000",7.09,85.54,14.2888374328613,19.115255355835,21.5408763885498
"2024-04-02 02:40:00.0000",6.99,85.47,15.908896446228,22.7301540374756,28.416524887085
"2024-04-02 02:45:57.0000",,,,,
"2024-04-02 03:00:00.0000",7.22,85.47,23.5564022064209,34.596981048584,43.8060874938965
"2024-04-02 03:03:27.0000",,,,,
"2024-04-02 03:20:00.0000",7.33,85.62,18.0143394470215,24.8569068908691,28.8608264923096
"2024-04-02 03:10:00.0000",7.3,85.58,19.6464195251465,27.6975555419922,33.3933639526367
"2024-04-02 03:20:58.0000",,,,,
"2024-04-02 03:30:00.0000",7.29,85.6,19.1539363861084,27.4922523498535,33.561222076416
"2024-04-02 03:40:00.0000",7.22,85.63,17.5291385650635,24.2175674438477,28.5493774414062
"2024-04-02 03:50:00.0000",7.1,85.87,16.6469650268555,23.2313842773438,32.5702133178711
"2024-04-02 03:39:28.0000",,,,,
"2024-04-02 04:00:00.0000",7,85.65,21.9725532531738,30.4532489776611,35.1874542236328
"2024-04-02 03:56:01.0000",,,,,
"2024-04-02 04:10:00.0000",7.01,85.85,24.0999317169189,34.2956352233887,39.4606094360352
"2024-04-02 04:20:00.0000",7.03,86.49,27.4495716094971,39.077449798584,43.1373176574707
"2024-04-02 04:13:30.0000",,,,,
"2024-04-02 04:30:00.0000",7.08,86.51,19.9102840423584,28.1761093139648,33.015926361084
"2024-04-02 04:31:01.0000",,,,,
"2024-04-02 04:50:00.0000",7.22,86.99,20.0697746276855,28.1499195098877,35.7823104858398
"2024-04-02 04:40:00.0000",7.18,86.9,24.7135238647461,35.2205810546875,40.0352516174316
"2024-04-02 04:49:27.0000",,,,,
"2024-04-02 05:00:00.0000",7.22,87.18,19.1079559326172,26.9971961975098,35.0640716552734
"2024-04-02 05:06:00.0000",,,,,
"2024-04-02 05:10:00.0000",7.28,86.94,21.3516883850098,29.3297290802002,33.0704460144043
"2024-04-02 05:20:00.0000",7.32,86.77,22.080696105957,30.6986484527588,35.6195335388184
"2024-04-02 05:23:29.0000",,,,,
"2024-04-02 05:30:00.0000",7.37,86.64,15.19651222229,21.9740428924561,29.0782070159912
"2024-04-02 05:40:00.0000",7.43,86.72,16.8512001037598,24.2472705841064,37.068244934082
"2024-04-02 05:50:00.0000",7.38,86.6,18.1568984985352,26.216911315918,32.2550659179688
"2024-04-02 05:40:59.0000",,,,,
"2024-04-02 06:00:00.0000",7.32,86.65,17.0482788085938,25.7251110076904,32.440845489502
"2024-04-02 05:59:31.0000",,,,,
"2024-04-02 06:20:00.0000",7.4,86.71,12.2008457183838,18.7804203033447,30.6359539031982
"2024-04-02 06:10:00.0000",7.34,86.64,16.2533779144287,24.2278289794922,32.7354393005371
"2024-04-02 06:15:58.0000",,,,,
"2024-04-02 06:30:00.0000",7.42,86.57,12.3153095245361,17.9440326690674,25.6641082763672
"2024-04-02 06:33:27.0000",,,,,
"2024-04-02 06:40:00.0000",7.48,86.43,10.7936429977417,16.3350372314453,31.6070308685303
"2024-04-02 06:50:00.0000",7.62,86.13,9.27797794342041,13.9301671981812,25.9798316955566
"2024-04-02 06:50:57.0000",,,,,
"2024-04-02 07:00:00.0000",7.74,85.72,8.65029430389404,12.7822570800781,24.5043239593506
"2024-04-02 07:10:00.0000",7.86,85.5,8.72837829589844,12.8211126327515,25.4728698730469
"2024-04-02 07:20:00.0000",8.03,84.8,8.05155467987061,11.7970085144043,20.9267387390137
"2024-04-02 07:09:28.0000",,,,,
"2024-04-02 07:30:00.0000",8.12,84.2,8.00340461730957,11.6078844070435,16.8368282318115
"2024-04-02 07:25:57.0000",,,,,
"2024-04-02 07:40:00.0000",8.23,83.54,7.78864669799805,11.5998601913452,20.7715187072754
"2024-04-02 07:50:00.0000",8.39,83.04,6.89650630950928,10.2582273483276,18.9917831420898
"2024-04-02 07:43:27.0000",,,,,
"2024-04-02 08:00:00.0000",8.41,82.53,7.30459547042847,11.1029329299927,16.4414100646973
"2024-04-02 08:10:00.0000",8.48,82.15,6.50794363021851,10.4933500289917,20.9029712677002
"2024-04-02 08:01:01.0000",,,,,
"2024-04-02 08:20:00.0000",8.55,81.71,6.05147647857666,9.5733118057251,17.0869293212891
"2024-04-02 08:19:32.0000",,,,,
"2024-04-02 08:40:00.0000",8.77,80.58,5.39408874511719,9.3014497756958,19.5551052093506
"2024-04-02 08:30:00.0000",8.66,81.19,5.0361590385437,8.22842025756836,12.426796913147
"2024-04-02 08:36:00.0000",,,,,
"2024-04-02 08:50:00.0000",8.92,79.72,4.53670024871826,6.72071361541748,12.7238302230835
"2024-04-02 08:53:29.0000",,,,,
"2024-04-02 09:00:00.0000",8.9,78.74,3.58397603034973,5.69797992706299,10.8778944015503
"2024-04-02 09:10:00.0000",9.02,78.1,2.73958849906921,5.25310516357422,9.02946186065674
"2024-04-02 09:20:00.0000",9.1,76.77,2.65498948097229,5.91757440567017,20.2088050842285
"2024-04-02 09:10:59.0000",,,,,
"2024-04-02 09:30:00.0000",9.27,76.12,2.413081407547,4.90141534805298,26.650562286377
"2024-04-02 09:40:00.0000",9.54,75.11,0.966909170150757,2.08899903297424,6.27082967758179
"2024-04-02 09:29:25.0000",,,,,
"2024-04-02 09:50:00.0000",9.95,73.34,1.12106084823608,4.43855953216553,22.1580810546875
"2024-04-02 09:45:56.0000",,,,,
"2024-04-02 10:00:00.0000",10.36,71.71,0.865296840667725,2.61834025382996,13.6516609191895
"2024-04-02 10:03:29.0000",,,,,
"2024-04-02 10:20:00.0000",11.16,68.75,1.78501617908478,6.76723384857178,25.4336090087891
"2024-04-02 10:10:00.0000",10.69,70.01,0.888776004314423,2.822340965271,11.3196086883545
"2024-04-02 10:20:58.0000",,,,,
"2024-04-02 10:40:00.0000",11.5,64.27,0.435328125953674,1.6427344083786,10.1303310394287
"2024-04-02 10:30:00.0000",11.4,66.05,0.70921266078949,2.64138913154602,8.50843334197998
"2024-04-02 10:39:23.0000",,,,,
"2024-04-02 10:50:00.0000",11.61,63.98,0.605622887611389,1.819176197052,17.3864822387695
"2024-04-02 10:55:57.0000",,,,,
"2024-04-02 11:00:00.0000",11.98,64.06,1.43385756015778,4.64987564086914,14.7321224212646
"2024-04-02 11:10:00.0000",12.04,63.52,0.778546214103699,1.83338987827301,6.19052171707153
"2024-04-02 11:00:54.0000",,,,,
"2024-04-02 11:13:26.0000",,,,,
"2024-04-02 11:20:00.0000",12.13,63.26,1.25687777996063,2.98129081726074,8.57212829589844
"2024-04-02 11:30:00.0000",12.11,62.48,0.699690580368042,1.6807279586792,5.00140714645386
"2024-04-02 11:30:57.0000",,,,,
"2024-04-02 11:50:00.0000",11.87,63.05,0.799112200737,2.2346785068512,9.38967323303223
"2024-04-02 11:40:00.0000",11.81,62.59,0.804901301860809,1.89072859287262,5.61091136932373
"2024-04-02 11:49:23.0000",,,,,
"2024-04-02 12:00:00.0000",11.92,62.59,1.13295805454254,3.90256786346436,12.2911071777344
"2024-04-02 12:05:56.0000",,,,,
"2024-04-02 12:10:00.0000",12.03,63,0.718644022941589,2.74550104141235,12.7028589248657
"2024-04-02 12:20:00.0000",12.32,62.72,0.966116726398468,2.49025201797485,12.4128789901733
"2024-04-02 12:23:24.0000",,,,,
"2024-04-02 12:30:00.0000",13.73,62.36,0.794833660125732,2.36020183563232,7.48110151290894
"2024-04-02 12:40:00.0000",14.66,59.15,1.14705777168274,2.76908373832703,10.4473237991333
"2024-04-02 12:50:00.0000",14.46,57.39,1.3118189573288,3.31273531913757,16.9166164398193
"2024-04-02 12:40:54.0000",,,,,
"2024-04-02 13:00:00.0000",14.68,57.81,1.15259838104248,3.63527464866638,16.1267929077148
"2024-04-02 12:59:25.0000",,,,,
"2024-04-02 13:10:00.0000",14.43,56.26,0.997358560562134,3.00492167472839,15.0478029251099
"2024-04-02 13:20:00.0000",13.88,56.4,0.691428065299988,2.22145986557007,11.3547229766846
"2024-04-02 13:15:54.0000",,,,,
"2024-04-02 13:30:00.0000",13.64,56.17,0.859829425811768,3.16515135765076,9.18020153045654
"2024-04-02 13:33:23.0000",,,,,
"2024-04-02 13:50:00.0000",13.31,57.5,1.17612659931183,3.62969207763672,9.55137825012207
"2024-04-02 13:40:00.0000",13.19,56.39,0.780196607112885,2.41560101509094,13.1612501144409
"2024-04-02 13:50:53.0000",,,,,
"2024-04-02 14:00:00.0000",14.28,56.45,1.72317600250244,3.6747260093689,10.767110824585
"2024-04-02 14:10:00.0000",14.7,54.84,0.735140264034271,2.68277454376221,13.2943286895752
"2024-04-02 14:20:00.0000",14.76,54,0.632100641727448,2.34972357749939,8.46170043945312
"2024-04-02 14:09:25.0000",,,,,
"2024-04-02 14:30:00.0000",14.76,54.06,0.957374393939972,2.58435773849487,6.55264854431152
"2024-04-02 14:25:58.0000",,,,,
"2024-04-02 14:40:00.0000",14.97,52.72,0.840127766132355,3.23467969894409,21.1799068450928
"2024-04-02 14:50:00.0000",14.55,53.05,0.610770523548126,1.76077771186829,5.39077281951904
"2024-04-02 14:43:27.0000",,,,,
"2024-04-02 15:00:00.0000",14.74,51.73,0.648894488811493,2.04435110092163,14.7871570587158
"2024-04-02 15:00:56.0000",,,,,
"2024-04-02 15:10:00.0000",14.58,51.67,0.863489925861359,3.16581130027771,17.4731864929199
"2024-04-02 15:20:00.0000",15.11,51.79,1.07868432998657,2.58721876144409,6.63006162643433
"2024-04-02 15:19:22.0000",,,,,
"2024-04-02 15:30:00.0000",15.85,49.77,1.02225160598755,2.5865421295166,6.14707517623901
"2024-04-02 15:35:56.0000",,,,,
"2024-04-02 15:40:00.0000",15.74,49.62,2.06784105300903,6.48362445831299,30.9529151916504
"2024-04-02 15:50:00.0000",15.42,49.6,1.19670557975769,3.46176600456238,17.0907211303711
"2024-04-02 15:53:30.0000",,,,,
"2024-04-02 16:00:00.0000",15.01,50.53,0.800506472587585,2.5514760017395,11.0247468948364
"2024-04-02 16:10:00.0000",14.88,51.04,1.27988767623901,3.75091099739075,19.1863479614258
"2024-04-02 16:20:00.0000",14.81,50.94,0.615904092788696,2.18672108650208,8.67627716064453
"2024-04-02 16:10:54.0000",,,,,
"2024-04-02 16:30:00.0000",14.99,50.81,0.895286679267883,2.83917427062988,15.7045907974243
"2024-04-02 16:29:26.0000",,,,,
"2024-04-02 16:50:00.0000",14.67,52.79,1.35694587230682,4.05583667755127,14.1183481216431
"2024-04-02 16:40:00.0000",14.85,52.03,1.40781462192535,3.89893555641174,15.6530160903931
"2024-04-02 16:45:53.0000",,,,,
"2024-04-02 17:00:00.0000",14.78,51.06,0.61776077747345,1.71558487415314,16.794261932373
"2024-04-02 17:03:23.0000",,,,,
"2024-04-02 17:10:00.0000",14.67,51.22,1.42198443412781,3.8499710559845,11.112678527832
"2024-04-02 17:20:00.0000",14.5,49.99,0.571530103683472,2.49898266792297,9.44864082336426
"2024-04-02 17:20:53.0000",,,,,
"2024-04-02 17:30:00.0000",14.41,50.53,0.526024281978607,2.20268702507019,8.2670726776123
"2024-04-02 17:40:00.0000",14.22,52.25,0.687582850456238,2.72173357009888,7.65896081924438
"2024-04-02 17:39:25.0000",,,,,
"2024-04-02 17:50:00.0000",13.98,52.1,0.542085647583008,2.34270572662354,14.0090770721436
"2024-04-02 18:00:00.0000",13.75,52.76,0.572652637958527,2.07809615135193,6.11822080612183
"2024-04-02 17:55:52.0000",,,,,
"2024-04-02 18:10:00.0000",13.59,55.21,0.831623435020447,2.7010543346405,10.3331737518311
"2024-04-02 18:13:23.0000",,,,,
"2024-04-02 18:20:00.0000",13.23,57.22,0.830649673938751,2.61222863197327,14.3156642913818
"2024-04-02 18:30:00.0000",12.97,58.2,0.901372671127319,2.3359363079071,7.46252918243408
"2024-04-02 18:30:51.0000",,,,,
"2024-04-02 18:40:00.0000",12.39,61.54,1.06749892234802,4.42064046859741,12.0060625076294
"2024-04-02 18:50:00.0000",12.14,62.54,0.889546751976013,3.56446218490601,8.47010707855225
"2024-04-02 18:49:21.0000",,,,,
"2024-04-02 19:00:00.0000",12.04,62.43,0.94456672668457,3.7043936252594,9.8337574005127
"2024-04-02 19:05:57.0000",,,,,
"2024-04-02 19:10:00.0000",11.94,63.13,0.850678384304047,3.69916725158691,10.6134099960327
"2024-04-02 19:20:00.0000",11.82,63.35,1.0780063867569,3.57010126113892,8.44778823852539
"2024-04-02 19:23:26.0000",,,,,
"2024-04-02 19:30:00.0000",11.72,63.81,0.923019230365753,3.47757792472839,12.2498979568481
"2024-04-02 19:40:00.0000",11.63,64,1.00023257732391,3.83906364440918,9.95029830932617
"2024-04-02 19:40:54.0000",,,,,
"2024-04-02 19:50:00.0000",11.57,64.43,1.03872787952423,4.21260786056519,10.563286781311
"2024-04-02 20:00:00.0000",11.53,65.16,1.03040099143982,3.07716608047485,11.707691192627
"2024-04-02 19:59:27.0000",,,,,
"2024-04-02 20:10:00.0000",11.53,65.43,1.22657370567322,4.12086868286133,9.7375316619873
"2024-04-02 20:20:00.0000",11.47,65.6,1.08117485046387,3.36968517303467,7.12692737579346
"2024-04-02 20:15:53.0000",,,,,
"2024-04-02 20:30:00.0000",11.45,66.05,1.06026124954224,4.63107347488403,15.4521675109863
"2024-04-02 20:33:25.0000",,,,,
"2024-04-02 20:40:00.0000",11.38,66.08,1.29368543624878,5.5964879989624,12.6577062606812
"2024-04-02 20:50:00.0000",11.28,66.87,1.09681940078735,3.88022065162659,9.56556797027588
"2024-04-02 20:50:53.0000",,,,,
"2024-04-02 21:00:00.0000",11.11,68.01,1.90999722480774,5.86019897460938,15.5531187057495
"2024-04-02 21:10:00.0000",10.95,69.24,1.16341602802277,4.16830730438232,8.32098293304443
"2024-04-02 21:20:00.0000",10.77,70.24,1.11961185932159,3.56172704696655,14.5679883956909
"2024-04-02 21:09:25.0000",,,,,
"2024-04-02 21:30:00.0000",10.54,71.71,1.35796689987183,5.02694129943848,13.5418119430542
"2024-04-02 21:25:53.0000",,,,,
"2024-04-02 21:40:00.0000",10.37,73.01,1.35270845890045,4.02761602401733,9.6081714630127
"2024-04-02 21:50:00.0000",10.16,74.22,1.57653629779816,4.79318857192993,10.6447143554688
"2024-04-02 21:43:22.0000",,,,,
"2024-04-02 22:00:00.0000",10.03,75.46,1.57177734375,5.42791652679443,13.2348775863647
"2024-04-02 22:00:51.0000",,,,,
"2024-04-02 22:10:00.0000",9.78,77.24,1.61761951446533,5.10471963882446,13.9274072647095
"2024-04-02 22:20:00.0000",9.66,78.22,1.86324274539948,5.70834159851074,12.7197170257568
"2024-04-02 22:19:22.0000",,,,,
"2024-04-02 22:30:00.0000",9.57,79.4,1.82594478130341,5.40123653411865,14.8259954452515
"2024-04-02 22:35:52.0000",,,,,
"2024-04-02 22:40:00.0000",9.56,78.59,2.05716300010681,6.08562421798706,12.5948619842529
"2024-04-02 22:50:00.0000",9.55,78.43,1.86755979061127,5.49160003662109,10.5472135543823
"2024-04-02 22:53:21.0000",,,,,
"2024-04-02 23:00:00.0000",9.45,79.36,2.05734038352966,5.74891328811646,13.2663021087646
"2024-04-02 23:10:00.0000",9.4,80.12,1.84265387058258,4.82893896102905,16.7680225372314
"2024-04-02 23:20:00.0000",9.42,79.78,1.7200323343277,5.3500828742981,12.4307918548584
"2024-04-02 23:10:49.0000",,,,,
"2024-04-02 23:30:00.0000",9.38,79.79,1.59452342987061,5.26122140884399,11.8997554779053
"2024-04-02 23:29:16.0000",,,,,
"2024-04-02 23:50:00.0000",9.36,79.87,1.36156809329987,4.54448747634888,10.6842889785767
"2024-04-02 23:40:00.0000",9.35,79.82,1.22056555747986,4.2357349395752,12.9672822952271
"2024-04-02 23:45:49.0000",,,,,
"2024-04-03 00:00:00.0000",9.42,79.52,1.1774959564209,3.31191062927246,7.64139127731323
"2024-04-03 00:03:20.0000",,,,,
"2024-04-03 00:20:00.0000",9.51,78.85,0.781114876270294,2.11031532287598,6.70376491546631
"2024-04-03 00:10:00.0000",9.48,79.05,0.897258996963501,2.73605608940125,7.90355539321899
"2024-04-03 00:20:48.0000",,,,,
"2024-04-03 00:30:00.0000",9.46,78.72,0.891470611095428,3.37054562568665,8.28263664245605
"2024-04-03 00:40:00.0000",9.3,79.77,1.22067677974701,2.79375648498535,6.99176120758057
"2024-04-03 00:50:00.0000",9.2,80.44,1.34756779670715,3.39965724945068,7.44036960601807
"2024-04-03 00:39:20.0000",,,,,
"2024-04-03 01:00:00.0000",9.07,81.66,1.38914310932159,2.66639542579651,5.66626262664795
"2024-04-03 00:55:49.0000",,,,,
"2024-04-03 01:10:00.0000",8.98,82.48,1.72522401809692,3.55351305007935,11.2523794174194
"2024-04-03 01:20:00.0000",8.92,82.91,2.34444570541382,3.78788709640503,6.86044025421143
"2024-04-03 01:13:23.0000",,,,,
"2024-04-03 01:30:00.0000",8.84,84.3,2.58685421943665,4.01291275024414,7.37904453277588
"2024-04-03 01:30:53.0000",,,,,
"2024-04-03 01:40:00.0000",8.81,84.6,1.40043485164642,2.82009148597717,8.13888359069824
"2024-04-03 01:50:00.0000",8.84,84.62,1.24550306797028,2.38773012161255,5.25972843170166
"2024-04-03 01:49:18.0000",,,,,
"2024-04-03 02:00:00.0000",8.82,84.97,1.46751499176025,2.7299599647522,7.1177806854248
"2024-04-03 02:05:51.0000",,,,,
"2024-04-03 02:10:00.0000",8.83,86.12,1.5676064491272,2.75032711029053,7.01245784759521
"2024-04-03 02:20:00.0000",8.86,85.68,1.60026562213898,2.48877787590027,5.24120092391968
"2024-04-03 02:23:20.0000",,,,,
"2024-04-03 02:30:00.0000",8.87,86.02,1.50691819190979,2.62698340415955,6.74271678924561
"2024-04-03 02:40:00.0000",8.86,86.24,1.50165069103241,2.69033885002136,6.58525085449219
"2024-04-03 02:50:00.0000",8.86,86.11,2.06689667701721,3.15208172798157,6.33275461196899
"2024-04-03 02:40:51.0000",,,,,
"2024-04-03 03:00:00.0000",8.83,86.31,2.35118103027344,3.42556071281433,6.51593542098999
"2024-04-03 02:59:17.0000",,,,,
"2024-04-03 03:10:00.0000",8.86,86.13,2.86316847801208,4.127525806427,6.75964832305908
"2024-04-03 03:20:00.0000",8.9,86.35,3.5377824306488,4.88845491409302,7.39953756332397
"2024-04-03 03:15:49.0000",,,,,
"2024-04-03 03:30:00.0000",8.92,86.61,4.25603532791138,6.27144336700439,13.9252624511719
"2024-04-03 03:33:19.0000",,,,,
"2024-04-03 03:50:00.0000",9.04,86.84,6.03446912765503,8.40388488769531,10.9378118515015
"2024-04-03 03:40:00.0000",8.97,86.76,5.491530418396,7.88436794281006,10.8759984970093
"2024-04-03 03:50:48.0000",,,,,
"2024-04-03 04:00:00.0000",9.11,86.75,7.1072039604187,9.63304901123047,15.3391494750977
"2024-04-03 04:10:00.0000",9.21,87.03,8.03509330749512,11.0620384216309,15.299337387085
"2024-04-03 04:20:00.0000",9.36,86.88,9.44977283477783,12.7225675582886,15.9418725967407
"2024-04-03 04:09:19.0000",,,,,
"2024-04-03 04:30:00.0000",9.49,86.75,12.1386938095093,15.7568206787109,18.4522151947021
"2024-04-03 04:25:48.0000",,,,,
"2024-04-03 04:40:00.0000",9.55,86.9,13.6741275787354,18.724048614502,21.9251518249512
"2024-04-03 04:50:00.0000",9.56,86.82,13.2511587142944,18.0260848999023,21.4247207641602
"2024-04-03 04:43:18.0000",,,,,
"2024-04-03 05:00:00.0000",9.62,86.82,13.885890007019,18.8427925109863,23.1864833831787
"2024-04-03 05:00:49.0000",,,,,
"2024-04-03 05:20:00.0000",9.89,86.82,12.4645004272461,17.7145156860352,22.9656963348389
"2024-04-03 05:10:00.0000",9.73,86.78,13.6330966949463,18.4565563201904,22.4221801757812
"2024-04-03 05:19:18.0000",,,,,
"2024-04-03 05:30:00.0000",9.97,86.61,12.4648504257202,17.2965183258057,21.1181869506836
"2024-04-03 05:35:51.0000",,,,,
"2024-04-03 05:40:00.0000",10.03,86.74,12.5458078384399,17.3842525482178,21.5582218170166
"2024-04-03 05:50:00.0000",10.11,86.7,12.9440746307373,18.6407070159912,31.2620086669922
"2024-04-03 05:53:22.0000",,,,,
"2024-04-03 06:00:00.0000",10.13,86.63,12.8267335891724,19.0378913879395,29.0464477539062
"2024-04-03 06:10:00.0000",10.18,86.81,13.4027109146118,20.1351375579834,29.2081756591797
"2024-04-03 06:10:52.0000",,,,,
"2024-04-03 06:20:00.0000",10.22,86.62,12.4966745376587,18.3120307922363,24.0511817932129
"2024-04-03 06:30:00.0000",10.3,86.5,10.4690837860107,16.630687713623,29.9314575195312
"2024-04-03 06:29:17.0000",,,,,
"2024-04-03 06:40:00.0000",10.38,86.8,10.2658338546753,16.5654602050781,24.2499866485596
"2024-04-03 06:50:00.0000",10.46,86.97,8.58178424835205,14.493203163147,25.1188983917236
"2024-04-03 06:45:49.0000",,,,,
"2024-04-03 07:00:00.0000",10.6,86.61,7.3815975189209,12.5808706283569,29.3417549133301
"2024-04-03 07:03:18.0000",,,,,
"2024-04-03 07:20:00.0000",10.85,86.6,4.9211630821228,11.2567291259766,20.2113246917725
"2024-04-03 07:10:00.0000",10.76,86.56,5.05182027816772,10.6834697723389,19.9901733398438
"2024-04-03 07:20:49.0000",,,,,
"2024-04-03 07:30:00.0000",10.92,86.41,3.27899384498596,10.1622066497803,24.6173839569092
"2024-04-03 07:40:00.0000",11.03,86.18,2.44183897972107,8.59482860565186,19.5958633422852
"2024-04-03 07:50:00.0000",11.13,85.9,2.43957543373108,10.0069713592529,26.6182651519775
"2024-04-03 07:39:20.0000",,,,,
"2024-04-03 08:00:00.0000",11.22,85.38,2.43769073486328,10.1856136322021,27.9718437194824
"2024-04-03 07:55:48.0000",,,,,
"2024-04-03 08:10:00.0000",11.23,85.04,2.58017516136169,11.1742839813232,28.9649848937988
"2024-04-03 08:20:00.0000",11.23,84.75,2.73295760154724,12.1800727844238,25.8318920135498
"2024-04-03 08:13:19.0000",,,,,
"2024-04-03 08:30:00.0000",11.31,84.5,2.74215292930603,11.7430276870728,27.7455787658691
"2024-04-03 08:30:48.0000",,,,,
"2024-04-03 08:50:00.0000",11.64,83.65,1.66140151023865,6.91256809234619,15.0317707061768
"2024-04-03 08:40:00.0000",11.47,84.01,2.24794268608093,8.41101741790771,18.4986114501953
"2024-04-03 08:49:19.0000",,,,,
"2024-04-03 09:00:00.0000",11.54,82.72,2.0316858291626,7.1191349029541,19.536548614502
"2024-04-03 09:05:46.0000",,,,,
"2024-04-03 09:10:00.0000",11.48,82.56,2.01644372940063,8.4513578414917,17.929536819458
"2024-04-03 09:20:00.0000",11.51,82.42,1.85851585865021,8.21599769592285,21.5653972625732
"2024-04-03 09:23:17.0000",,,,,
"2024-04-03 09:30:00.0000",11.58,82.67,2.12428069114685,9.58901214599609,22.7270050048828
"2024-04-03 09:40:00.0000",11.53,82.84,1.9237869977951,8.15646839141846,22.0633964538574
"2024-04-03 09:40:51.0000",,,,,
"2024-04-03 09:50:00.0000",11.61,82.53,2.0795259475708,10.1800374984741,36.4962348937988
"2024-04-03 10:00:00.0000",11.77,82.48,2.17785286903381,8.98344421386719,22.6365070343018
"2024-04-03 10:10:00.0000",11.56,82.59,1.99786818027496,9.3594331741333,22.126371383667
"2024-04-03 09:59:18.0000",,,,,
"2024-04-03 10:20:00.0000",11.6,82.7,1.89811193943024,8.02014350891113,19.1533908843994
"2024-04-03 10:15:50.0000",,,,,
"2024-04-03 10:30:00.0000",11.52,82.72,1.50264775753021,6.28680801391602,14.6059856414795
"2024-04-03 10:33:21.0000",,,,,
"2024-04-03 10:40:00.0000",11.47,82.86,1.67365288734436,7.02562046051025,19.5686626434326
"2024-04-03 10:50:00.0000",11.53,83.24,1.41233336925507,4.79279518127441,9.22958087921143
"2024-04-03 10:50:48.0000",,,,,
"2024-04-03 11:00:00.0000",12.08,82.98,1.31902456283569,4.41855335235596,13.4187421798706
"2024-04-03 11:00:49.0000",,,,,
"2024-04-03 11:10:00.0000",12.53,81.68,1.24480199813843,4.10848331451416,11.4781093597412
"2024-04-03 11:09:21.0000",,,,,
"2024-04-03 11:20:00.0000",12.49,79.83,1.65487778186798,5.6457896232605,19.5351142883301
"2024-04-03 11:30:00.0000",12.48,80.1,1.1445848941803,3.67868399620056,12.4945192337036
"2024-04-03 11:25:48.0000",,,,,
"2024-04-03 11:40:00.0000",12.48,79.67,0.718686044216156,2.28736019134521,5.65343523025513
"2024-04-03 11:50:00.0000",12.52,80.31,1.10552406311035,3.71101832389832,10.6109533309937
"2024-04-03 11:43:19.0000",,,,,
"2024-04-03 12:00:00.0000",12.31,80.95,1.59923899173737,4.78687238693237,14.9876699447632
"2024-04-03 12:10:00.0000",12.53,81.59,1.25481283664703,3.19606924057007,8.86828327178955
"2024-04-03 12:00:49.0000",,,,,
"2024-04-03 12:20:00.0000",13.14,80.53,0.247049063444138,0.651416122913361,8.89401340484619
"2024-04-03 12:19:14.0000",,,,,
"2024-04-03 12:30:00.0000",13.17,76.49,0.442565143108368,1.28681659698486,5.21947717666626
"2024-04-03 12:40:00.0000",12.97,75.88,0.237979248166084,0.620967030525208,2.92238473892212
"2024-04-03 12:35:49.0000",,,,,
"2024-04-03 12:50:00.0000",12.46,77.07,0.357040017843246,0.741472661495209,3.62777400016785
"2024-04-03 13:00:00.0000",11.69,80.14,0.567181348800659,1.25830709934235,3.92836499214172
"2024-04-03 12:53:17.0000",,,,,
"2024-04-03 13:10:00.0000",10.29,82.81,0.862496674060822,3.71126389503479,13.4769458770752
"2024-04-03 13:10:46.0000",,,,,
"2024-04-03 13:20:00.0000",9.83,86.27,1.81040036678314,8.35498809814453,20.1343593597412
"2024-04-03 13:30:00.0000",9.77,86.12,1.51728868484497,8.29837608337402,19.8908729553223
"2024-04-03 13:29:12.0000",,,,,
"2024-04-03 13:40:00.0000",9.97,85.38,1.75774121284485,9.31268310546875,28.2154674530029
"2024-04-03 13:50:00.0000",10.05,83.82,1.99317419528961,10.496485710144,31.78590965271
"2024-04-03 13:45:45.0000",,,,,
"2024-04-03 14:00:00.0000",10.49,82.98,1.6715977191925,9.95873165130615,26.6546859741211
"2024-04-03 14:03:15.0000",,,,,
"2024-04-03 14:20:00.0000",10.29,79.52,1.77464473247528,10.624680519104,24.3956604003906
"2024-04-03 14:10:00.0000",10.65,80.87,1.75179374217987,9.40785503387451,24.3398857116699
"2024-04-03 14:20:45.0000",,,,,
"2024-04-03 14:30:00.0000",9.95,79.47,1.69418251514435,7.66673755645752,20.7197303771973
"2024-04-03 14:40:00.0000",10.09,79.88,1.72980344295502,8.08126068115234,19.7476806640625
"2024-04-03 14:39:16.0000",,,,,
"2024-04-03 14:50:00.0000",10.04,79.4,1.52456200122833,8.05886459350586,19.1971111297607
"2024-04-03 15:00:00.0000",9.76,79.52,2.03719830513,10.7351875305176,25.659366607666
"2024-04-03 14:55:43.0000",,,,,
"2024-04-03 15:10:00.0000",9.77,79.46,1.94214773178101,8.78142642974854,24.0152225494385
"2024-04-03 15:20:00.0000",9.73,79.88,2.21934866905212,9.54330158233643,25.1439685821533
"2024-04-03 15:13:14.0000",,,,,
"2024-04-03 15:30:00.0000",9.71,79.7,2.21004366874695,11.4231739044189,34.1235961914062
"2024-04-03 15:30:45.0000",,,,,
"2024-04-03 15:50:00.0000",9.6,78.21,1.43264985084534,7.19070053100586,17.442195892334
"2024-04-03 15:40:00.0000",9.67,79.79,1.45485556125641,6.65584802627563,15.1908502578735
"2024-04-03 15:49:15.0000",,,,,
"2024-04-03 16:00:00.0000",9.33,80.09,1.68032717704773,8.821364402771,30.9543895721436
"2024-04-03 16:05:47.0000",,,,,
"2024-04-03 16:10:00.0000",9.57,78.5,1.18465316295624,5.62734270095825,18.2728118896484
"2024-04-03 16:20:00.0000",10.4,75.95,1.10747170448303,5.71701860427856,24.3772220611572
"2024-04-03 16:23:18.0000",,,,,
"2024-04-03 16:30:00.0000",10.6,73.14,1.35547184944153,6.64797067642212,20.0129432678223
"2024-04-03 16:40:00.0000",10.54,72.54,1.36897170543671,6.85156154632568,18.2965412139893
"2024-04-03 16:50:00.0000",10.13,72.29,1.77374732494354,6.52820682525635,17.7085399627686
"2024-04-03 16:40:46.0000",,,,,
"2024-04-03 17:00:00.0000",9.95,72.83,1.36983120441437,7.54675817489624,20.0102462768555
"2024-04-03 16:59:13.0000",,,,,
"2024-04-03 17:10:00.0000",10.01,74.71,1.8303474187851,9.32845973968506,27.3939552307129
"2024-04-03 17:20:00.0000",9.96,75.62,2.08316421508789,9.9446907043457,29.6152191162109
"2024-04-03 17:15:45.0000",,,,,
"2024-04-03 17:30:00.0000",9.9,77.33,1.91830146312714,8.9600944519043,23.6033191680908
"2024-04-03 17:33:16.0000",,,,,
"2024-04-03 17:40:00.0000",9.95,76.7,2.09207701683044,9.00342559814453,22.0106315612793
"2024-04-03 17:50:00.0000",9.93,75.95,1.87755334377289,9.1533842086792,36.2642707824707
"2024-04-03 17:50:44.0000",,,,,
"2024-04-03 18:00:00.0000",10.07,74.45,1.20082938671112,5.17289161682129,25.5864868164062
"2024-04-03 18:10:00.0000",10.1,73.63,1.27502584457397,5.90378618240356,15.4332609176636
"2024-04-03 18:20:00.0000",10.15,72.86,1.13677108287811,4.46676635742188,10.1066808700562
"2024-04-03 18:09:17.0000",,,,,
"2024-04-03 18:30:00.0000",10.04,72.01,1.48368299007416,5.14104175567627,20.2275981903076
"2024-04-03 18:25:44.0000",,,,,
"2024-04-03 18:40:00.0000",9.9,72.58,1.12671732902527,4.47676801681519,12.5575227737427
"2024-04-03 18:43:13.0000",,,,,
"2024-04-03 18:50:00.0000",9.8,74.2,1.52504539489746,6.86005401611328,16.196964263916
"2024-04-03 19:00:00.0000",9.61,76.04,1.61917686462402,7.56253147125244,22.3651142120361
"2024-04-03 19:10:00.0000",9.51,76.72,1.81171500682831,8.89034748077393,21.7493572235107
"2024-04-03 19:00:43.0000",,,,,
"2024-04-03 19:20:00.0000",9.43,77.02,1.88174855709076,7.45725727081299,20.3776588439941
"2024-04-03 19:19:13.0000",,,,,
"2024-04-03 19:30:00.0000",9.4,77.51,1.85227513313293,8.41658115386963,35.3663444519043
"2024-04-03 19:35:42.0000",,,,,
"2024-04-03 19:40:00.0000",9.35,77.44,3.07000494003296,10.6651773452759,26.1252841949463
"2024-04-03 19:50:00.0000",9.32,77.31,2.29287171363831,9.48803615570068,35.5431289672852
"2024-04-03 19:53:12.0000",,,,,
"2024-04-03 20:00:00.0000",9.31,77.42,2.27292609214783,8.93628406524658,32.0427932739258
"2024-04-03 20:10:00.0000",9.32,77.6,2.42366504669189,8.94632339477539,21.9727535247803
"2024-04-03 20:10:46.0000",,,,,
"2024-04-03 20:20:00.0000",9.36,77.29,2.41826367378235,8.04338932037354,24.7064914703369
"2024-04-03 20:30:00.0000",9.39,76.89,2.399986743927,7.54055500030518,17.3916110992432
"2024-04-03 20:29:14.0000",,,,,
"2024-04-03 20:50:00.0000",9.39,76,2.1248607635498,5.42671728134155,11.8215246200562
"2024-04-03 20:40:00.0000",9.4,76.64,2.16161441802979,6.61520862579346,32.0483856201172
"2024-04-03 20:45:47.0000",,,,,
"2024-04-03 21:00:00.0000",9.38,75.31,2.10822868347168,5.98355579376221,18.7119979858398
"2024-04-03 21:03:15.0000",,,,,
"2024-04-03 21:20:00.0000",9.6,74.68,10.9038019180298,15.2962884902954,31.4382877349854
"2024-04-03 21:10:00.0000",9.48,74.49,1.48958468437195,3.38880205154419,10.7764739990234
"2024-04-03 21:20:45.0000",,,,,
"2024-04-03 21:30:00.0000",9.62,74.78,2.96779990196228,6.28801774978638,11.9849615097046
"2024-04-03 21:40:00.0000",9.66,74.91,1.57776534557343,3.88039326667786,11.2933235168457
"2024-04-03 21:39:17.0000",,,,,
"2024-04-03 21:50:00.0000",9.61,75.26,1.74501657485962,4.59772920608521,9.65479183197021
"2024-04-03 22:00:00.0000",9.6,74.47,1.23078334331512,4.63178110122681,10.2321882247925
"2024-04-03 21:55:45.0000",,,,,
"2024-04-03 22:10:00.0000",9.62,74.21,1.31656110286713,4.54647588729858,9.00839614868164
"2024-04-03 22:13:13.0000",,,,,
"2024-04-03 22:20:00.0000",9.62,73.77,1.24300014972687,4.35738468170166,10.0401639938354
"2024-04-03 22:30:00.0000",9.6,73.59,0.990945339202881,3.90786695480347,14.4391183853149
"2024-04-03 22:30:45.0000",,,,,
"2024-04-03 22:40:00.0000",9.56,73.7,0.772586345672607,3.75594115257263,10.3826599121094
"2024-04-03 22:50:00.0000",9.53,73.8,0.942604959011078,3.82636022567749,12.4821252822876
"2024-04-03 22:49:16.0000",,,,,
"2024-04-03 23:00:00.0000",9.49,73.82,0.944760680198669,4.26097583770752,11.6676244735718
"2024-04-03 23:05:42.0000",,,,,
"2024-04-03 23:10:00.0000",9.5,73.99,0.836800754070282,3.3052384853363,8.95647621154785
"2024-04-03 23:20:00.0000",9.46,73.91,1.0018607378006,3.81557655334473,7.29072332382202
"2024-04-03 23:23:11.0000",,,,,
"2024-04-03 23:30:00.0000",9.45,73.89,0.915188193321228,4.29958820343018,20.0282363891602
"2024-04-03 23:40:00.0000",9.41,73.93,0.904293477535248,3.45703196525574,10.0779399871826
"2024-04-03 23:50:00.0000",9.37,74.22,1.46684694290161,7.76399040222168,39.8240776062012
"2024-04-03 23:40:43.0000",,,,,
"2024-04-04 00:00:00.0000",9.34,73.95,0.888822555541992,3.36025261878967,11.4267997741699
"2024-04-03 23:59:14.0000",,,,,
"2024-04-04 00:20:00.0000",9.34,73.52,0.915520966053009,3.29629421234131,7.87855768203735
"2024-04-04 00:10:00.0000",9.35,73.72,1.69916999340057,4.53758096694946,9.71472644805908
"2024-04-04 00:15:41.0000",,,,,
"2024-04-04 00:30:00.0000",9.3,73.53,0.901804983615875,3.08208012580872,8.54490280151367
"2024-04-04 00:33:10.0000",,,,,
"2024-04-04 00:50:00.0000",9.27,73.75,0.874384224414825,3.55809044837952,8.0032377243042
"2024-04-04 00:40:00.0000",9.28,73.59,0.81323903799057,2.6257209777832,6.89936447143555
"2024-04-04 00:50:41.0000",,,,,
"2024-04-04 01:00:00.0000",9.25,73.77,0.968510448932648,3.32386565208435,7.28856706619263
"2024-04-04 01:10:00.0000",9.25,73.85,0.98804098367691,2.79639172554016,5.74707651138306
"2024-04-04 01:20:00.0000",9.2,74.36,1.07810616493225,3.52369785308838,11.6016006469727
"2024-04-04 01:09:07.0000",,,,,
"2024-04-04 01:30:00.0000",9.1,74.65,1.19226062297821,3.34382748603821,6.88000202178955
"2024-04-04 01:25:39.0000",,,,,
"2024-04-04 01:40:00.0000",9.04,75.02,1.31910002231598,3.12701177597046,8.83049774169922
"2024-04-04 01:43:09.0000",,,,,
"2024-04-04 01:50:00.0000",8.97,75.33,1.47061192989349,3.08938956260681,6.55724048614502
"2024-04-04 02:00:00.0000",8.94,75.83,2.0012195110321,5.19218254089355,14.1549797058105
"2024-04-04 02:00:40.0000",,,,,
"2024-04-04 02:20:00.0000",8.92,77.45,2.07450366020203,5.36741590499878,10.735463142395
"2024-04-04 02:10:00.0000",8.95,76.55,2.03290224075317,4.38268423080444,8.89417457580566
"2024-04-04 02:19:09.0000",,,,,
"2024-04-04 02:30:00.0000",8.89,77.65,1.74564838409424,4.85240268707275,12.1254243850708
"2024-04-04 02:35:43.0000",,,,,
"2024-04-04 02:40:00.0000",8.86,78.09,1.86079132556915,4.07090282440186,8.34283828735352
"2024-04-04 02:50:00.0000",8.8,78.34,1.63408172130585,4.60718679428101,11.3492498397827
"2024-04-04 02:53:13.0000",,,,,
"2024-04-04 03:00:00.0000",8.79,78.56,1.50946688652039,3.72451734542847,8.55478000640869
"2024-04-04 03:10:00.0000",8.7,79.57,1.88483762741089,5.12531280517578,14.3721437454224
"2024-04-04 03:10:42.0000",,,,,
"2024-04-04 03:20:00.0000",8.59,81.39,2.20783066749573,5.10235404968262,11.9334745407104
"2024-04-04 03:30:00.0000",8.42,82.97,2.43685221672058,6.07166004180908,11.6625137329102
"2024-04-04 03:29:09.0000",,,,,
"2024-04-04 03:50:00.0000",8.25,83.02,2.79929828643799,6.3603572845459,14.9289999008179
"2024-04-04 03:40:00.0000",8.33,83.02,2.73115849494934,6.6290168762207,11.5071601867676
"2024-04-04 03:45:41.0000",,,,,
"2024-04-04 04:00:00.0000",8.2,83.67,2.75359201431274,6.9192590713501,13.1774930953979
"2024-04-04 04:03:11.0000",,,,,
"2024-04-04 04:10:00.0000",8.15,83.05,2.84952020645142,6.62399005889893,17.6221141815186
"2024-04-04 04:20:00.0000",8.09,83.86,3.26386094093323,7.3560152053833,15.2062635421753
"2024-04-04 04:20:41.0000",,,,,
"2024-04-04 04:30:00.0000",8.04,83.08,3.38319945335388,6.57155895233154,11.1236953735352
"2024-04-04 04:40:00.0000",7.97,83.12,2.79812502861023,6.68816375732422,12.5008296966553
"2024-04-04 04:50:00.0000",7.93,83.04,2.99197697639465,6.75421905517578,13.811695098877
"2024-04-04 04:39:08.0000",,,,,
"2024-04-04 05:00:00.0000",7.82,83.18,2.72926616668701,5.12444877624512,8.78430938720703
"2024-04-04 04:55:40.0000",,,,,
"2024-04-04 05:10:00.0000",7.75,83.67,2.71137499809265,6.69986581802368,12.9800024032593
"2024-04-04 05:20:00.0000",7.76,84.62,2.81573891639709,5.67777347564697,11.4876842498779
"2024-04-04 05:13:09.0000",,,,,
"2024-04-04 05:30:00.0000",7.8,84.23,3.04924345016479,7.70910739898682,14.9743385314941
"2024-04-04 05:30:39.0000",,,,,
"2024-04-04 05:50:00.0000",7.73,84.67,1.64560687541962,5.49610948562622,10.7916088104248
"2024-04-04 05:40:00.0000",7.82,84.77,2.94200873374939,6.3462381362915,11.7409152984619
"2024-04-04 05:49:10.0000",,,,,
"2024-04-04 06:00:00.0000",7.78,84.13,1.56866884231567,4.02072763442993,8.65539646148682
"2024-04-04 06:05:39.0000",,,,,
"2024-04-04 06:10:00.0000",7.72,83.45,1.29133009910583,4.19778680801392,10.2506446838379
"2024-04-04 06:20:00.0000",7.65,82.4,1.016881108284,3.95112347602844,10.1135282516479
"2024-04-04 06:23:10.0000",,,,,
"2024-04-04 06:30:00.0000",7.66,81.85,1.5468682050705,4.54297161102295,10.2241678237915
"2024-04-04 06:40:00.0000",7.75,81.42,1.07472825050354,3.12529349327087,6.56693029403687
"2024-04-04 06:40:42.0000",,,,,
"2024-04-04 06:50:00.0000",7.85,81.4,1.2984516620636,4.00050592422485,12.0350790023804
"2024-04-04 07:00:00.0000",7.91,81.24,1.3888293504715,4.16583299636841,7.96726274490356
"2024-04-04 06:59:09.0000",,,,,
"2024-04-04 07:20:00.0000",8.12,80.9,1.03758788108826,3.27950310707092,7.83098697662354
"2024-04-04 07:10:00.0000",7.97,81.05,1.10352599620819,3.57567930221558,7.06740760803223
"2024-04-04 07:15:43.0000",,,,,
"2024-04-04 07:30:00.0000",8.27,80.27,1.2264701128006,3.37277221679688,7.42372703552246
"2024-04-04 07:33:12.0000",,,,,
"2024-04-04 07:40:00.0000",8.37,79.57,1.1142098903656,3.00804901123047,7.26964855194092
"2024-04-04 07:50:00.0000",8.42,79.06,1.16061151027679,3.57604789733887,9.03594970703125
"2024-04-04 07:50:41.0000",,,,,
"2024-04-04 08:00:00.0000",8.47,78.64,1.15609681606293,3.45304989814758,8.48062610626221
"2024-04-04 08:10:00.0000",8.49,78.13,1.24279260635376,3.34222841262817,9.57775115966797
"2024-04-04 08:09:12.0000",,,,,
"2024-04-04 08:20:00.0000",8.54,77.99,1.10621237754822,4.00193405151367,18.7906799316406
"2024-04-04 08:30:00.0000",8.56,77.92,1.25411128997803,3.96318793296814,11.0092515945435
"2024-04-04 08:25:40.0000",,,,,
"2024-04-04 08:40:00.0000",8.92,78.06,1.37488412857056,3.32863473892212,6.37814140319824
"2024-04-04 08:50:00.0000",9.14,77.24,1.40370893478394,3.49664354324341,7.18755388259888
"2024-04-04 08:43:10.0000",,,,,
"2024-04-04 09:00:00.0000",9.2,76.14,1.14172923564911,3.90037965774536,10.0051097869873
"2024-04-04 09:00:38.0000",,,,,
"2024-04-04 09:10:00.0000",9.38,76.14,1.44198071956635,4.22493505477905,10.5870351791382
"2024-04-04 09:20:00.0000",9.85,76.18,1.2479100227356,3.15746855735779,11.7139654159546
"2024-04-04 09:19:10.0000",,,,,
"2024-04-04 09:30:00.0000",10.19,74.44,1.15942299365997,3.26521396636963,10.0340690612793
"2024-04-04 09:35:38.0000",,,,,
"2024-04-04 09:40:00.0000",10.57,73.36,0.964043974876404,3.07195043563843,13.0056715011597
"2024-04-04 09:50:00.0000",11.15,72.12,1.06632077693939,3.74724078178406,19.1788005828857
"2024-04-04 09:53:09.0000",,,,,
"2024-04-04 10:00:00.0000",11.64,71.02,0.870165288448334,3.10612916946411,8.09799957275391
"2024-04-04 10:10:00.0000",11.7,68.43,0.836351871490479,2.50638604164124,11.0250177383423
"2024-04-04 10:20:00.0000",11.59,67.36,1.12324678897858,5.41264295578003,26.5891857147217
"2024-04-04 10:10:37.0000",,,,,
"2024-04-04 10:30:00.0000",11.81,67.44,1.03419864177704,4.35301780700684,16.2507781982422
"2024-04-04 10:29:10.0000",,,,,
"2024-04-04 10:50:00.0000",12.55,66.15,1.37202942371368,4.31596040725708,26.2540855407715
"2024-04-04 10:40:00.0000",12.24,67.44,1.2274477481842,3.73634171485901,9.76799011230469
"2024-04-04 10:45:37.0000",,,,,
"2024-04-04 11:00:00.0000",12.96,64.87,0.903979480266571,2.52931356430054,8.33459091186523
"2024-04-04 11:00:39.0000",,,,,
"2024-04-04 11:03:11.0000",,,,,
"2024-04-04 11:10:00.0000",15.16,65.55,0.763959407806396,1.70583510398865,4.16533422470093
"2024-04-04 11:20:00.0000",16.25,57.53,1.32500910758972,6.17927026748657,44.930248260498
"2024-04-04 11:20:42.0000",,,,,
"2024-04-04 11:30:00.0000",16.34,56.55,1.34130144119263,4.84996891021729,23.636848449707
"2024-04-04 11:40:00.0000",15.56,55.03,1.5226743221283,3.031329870224,5.6205792427063
"2024-04-04 11:50:00.0000",14.68,54.55,0.745600938796997,2.08608245849609,7.77810716629028
"2024-04-04 11:39:07.0000",,,,,
"2024-04-04 12:00:00.0000",14.14,54.71,1.40953600406647,6.26140880584717,27.9564590454102
"2024-04-04 11:55:40.0000",,,,,
"2024-04-04 12:10:00.0000",14.08,54.01,0.97795969247818,2.79973292350769,15.1116847991943
"2024-04-04 12:20:00.0000",14.25,52.54,0.878948390483856,3.27462148666382,21.8364410400391
"2024-04-04 12:13:11.0000",,,,,
"2024-04-04 12:30:00.0000",13.98,52.37,1.38643538951874,3.74600005149841,11.7236442565918
"2024-04-04 12:30:40.0000",,,,,
"2024-04-04 12:50:00.0000",13.57,52.1,0.596755504608154,1.95254826545715,6.64899969100952
"2024-04-04 12:40:00.0000",13.58,51.76,0.36433345079422,1.52139401435852,6.80326223373413
"2024-04-04 12:49:12.0000",,,,,
"2024-04-04 13:00:00.0000",13.24,53.85,0.62507826089859,1.96802091598511,7.25599765777588
"2024-04-04 13:05:39.0000",,,,,
"2024-04-04 13:10:00.0000",13.2,53.66,0.608798086643219,2.0306658744812,8.48464775085449
"2024-04-04 13:20:00.0000",14.03,51,0.517098367214203,1.60750842094421,7.66054916381836
"2024-04-04 13:23:09.0000",,,,,
"2024-04-04 13:30:00.0000",15.43,49.35,0.544727385044098,2.49405574798584,12.374153137207
"2024-04-04 13:40:00.0000",17.51,46.89,0.779677450656891,3.58320260047913,16.7637691497803
"2024-04-04 13:50:00.0000",16.54,43.63,0.480988323688507,1.55556929111481,5.21789598464966
"2024-04-04 13:40:39.0000",,,,,
"2024-04-04 14:00:00.0000",15.86,45.62,0.665396451950073,1.80989873409271,7.81648015975952
"2024-04-04 14:10:00.0000",15.13,49.09,0.868135511875153,3.14963698387146,9.58421039581299
"2024-04-04 13:59:12.0000",,,,,
"2024-04-04 14:20:00.0000",15.48,50.19,0.629584550857544,2.11138844490051,10.4042854309082
"2024-04-04 14:15:38.0000",,,,,
"2024-04-04 14:30:00.0000",15.13,50.35,0.838457107543945,2.37559843063354,8.00149917602539
"2024-04-04 14:33:07.0000",,,,,
"2024-04-04 14:50:00.0000",17.5,47.59,0.960155665874481,3.2836377620697,21.5560035705566
"2024-04-04 14:40:00.0000",16.09,50.19,0.535251438617706,1.51819705963135,5.42817783355713
"2024-04-04 14:50:36.0000",,,,,
"2024-04-04 15:00:00.0000",16.07,47.65,0.651515007019043,1.9049985408783,7.41905927658081
"2024-04-04 15:10:00.0000",16.12,48.42,0.835283935070038,3.0661940574646,17.0824222564697
"2024-04-04 15:09:03.0000",,,,,
"2024-04-04 15:20:00.0000",16.32,48.9,0.544508039951324,1.7765007019043,7.20841264724731
"2024-04-04 15:30:00.0000",16.79,48.06,0.75077760219574,2.81655764579773,12.9780931472778
"2024-04-04 15:25:35.0000",,,,,
"2024-04-04 15:40:00.0000",16.66,48.46,0.491678208112717,1.47138488292694,14.5795450210571
"2024-04-04 15:50:00.0000",16.17,49.36,0.547572612762451,1.65589690208435,11.2817296981812
"2024-04-04 15:43:05.0000",,,,,
"2024-04-04 16:00:00.0000",15.58,51.37,0.527995228767395,1.94906318187714,12.7019720077515
"2024-04-04 16:00:36.0000",,,,,
"2024-04-04 16:20:00.0000",15.17,54.16,0.796793580055237,2.18584108352661,12.9896030426025
"2024-04-04 16:10:00.0000",15.48,52.82,0.609427332878113,1.46532642841339,6.28037071228027
"2024-04-04 16:19:06.0000",,,,,
"2024-04-04 16:30:00.0000",14.88,55.2,0.65306168794632,1.99537777900696,21.9521102905273
"2024-04-04 16:35:34.0000",,,,,
"2024-04-04 16:40:00.0000",14.62,56.22,0.775047600269318,2.35914778709412,8.03747463226318
"2024-04-04 16:50:00.0000",14.66,56.92,0.815236270427704,2.29481744766235,6.51453971862793
"2024-04-04 16:53:04.0000",,,,,
"2024-04-04 17:00:00.0000",14.59,59.22,0.793042004108429,2.74420952796936,11.0300483703613
"2024-04-04 17:10:00.0000",14.29,61.42,0.828080356121063,2.46108317375183,9.57613182067871
"2024-04-04 17:10:34.0000",,,,,
"2024-04-04 17:20:00.0000",13.6,65.38,1.06938862800598,4.47659635543823,10.5762872695923
"2024-04-04 17:30:00.0000",12.86,68.94,1.34979820251465,5.67116975784302,16.8659553527832
"2024-04-04 17:29:04.0000",,,,,
"2024-04-04 17:50:00.0000",12.46,71.51,1.42272436618805,6.34405136108398,24.2438144683838
"2024-04-04 17:40:00.0000",12.63,70.64,1.3359922170639,5.37808561325073,13.797233581543
"2024-04-04 17:45:39.0000",,,,,
"2024-04-04 18:00:00.0000",12.23,71.61,1.64393758773804,6.95991563796997,17.9203338623047
"2024-04-04 18:03:08.0000",,,,,
"2024-04-04 18:10:00.0000",12.13,72.51,2.11614584922791,7.892897605896,33.9668655395508
"2024-04-04 18:20:00.0000",12.05,73.8,2.21516823768616,9.65817546844482,23.2508106231689
"2024-04-04 18:20:38.0000",,,,,
"2024-04-04 18:30:00.0000",12.08,74.08,1.92152106761932,8.63426971435547,22.3682804107666
"2024-04-04 18:40:00.0000",12.13,74.15,2.01643061637878,7.56389236450195,22.3559284210205
"2024-04-04 18:39:03.0000",,,,,
"2024-04-04 18:50:00.0000",12.23,74.87,1.8823961019516,7.09714031219482,15.6241483688354
"2024-04-04 18:55:36.0000",,,,,
"2024-04-04 19:00:00.0000",12.27,74.24,1.64602661132812,5.78741312026978,11.7899084091187
"2024-04-04 19:10:00.0000",12.25,74.13,1.59401321411133,6.52588129043579,17.5639915466309
"2024-04-04 19:20:00.0000",12.24,74.65,1.54710805416107,6.63805389404297,23.2238502502441
"2024-04-04 19:13:07.0000",,,,,
"2024-04-04 19:30:00.0000",12.18,74.71,2.15715503692627,6.99412155151367,22.3407115936279
"2024-04-04 19:30:36.0000",,,,,
"2024-04-04 19:50:00.0000",12,75.5,1.37108111381531,5.02067041397095,11.5373954772949
"2024-04-04 19:40:00.0000",12.15,74.84,1.12898468971252,4.9699535369873,15.9836015701294
"2024-04-04 19:49:05.0000",,,,,
"2024-04-04 20:00:00.0000",11.96,76.15,3.21999144554138,8.09925651550293,18.1167335510254
"2024-04-04 20:05:35.0000",,,,,
"2024-04-04 20:10:00.0000",11.91,76.93,1.45449602603912,5.03764772415161,9.23289585113525
"2024-04-04 20:20:00.0000",11.81,77.65,1.24519431591034,4.41737651824951,11.3066291809082
"2024-04-04 20:23:04.0000",,,,,
"2024-04-04 20:30:00.0000",11.68,78.3,1.5544661283493,5.17936611175537,13.261399269104
"2024-04-04 20:40:00.0000",11.5,79.08,2.28579664230347,5.91477251052856,12.3624610900879
"2024-04-04 20:40:33.0000",,,,,
"2024-04-04 20:50:00.0000",11.5,79.55,1.4918999671936,6.43100500106812,22.5781631469727
"2024-04-04 21:00:00.0000",11.46,80.14,1.88358211517334,8.91866779327393,19.953742980957
"2024-04-04 20:59:06.0000",,,,,
"2024-04-04 21:20:00.0000",11.56,80.27,2.33393335342407,11.1364660263062,30.8358707427979
"2024-04-04 21:10:00.0000",11.54,80.28,2.48124170303345,9.77796077728271,22.378791809082
"2024-04-04 21:15:33.0000",,,,,
"2024-04-04 21:30:00.0000",11.5,80.16,2.52556228637695,12.0393009185791,31.1464042663574
"2024-04-04 21:33:03.0000",,,,,
"2024-04-04 21:50:00.0000",11.46,79.66,2.88107585906982,14.7950582504272,35.8322296142578
"2024-04-04 21:40:00.0000",11.44,79.78,4.55916023254395,15.7422161102295,36.0744171142578
"2024-04-04 21:50:36.0000",,,,,
"2024-04-04 22:00:00.0000",11.44,79.35,3.14896035194397,14.4230337142944,27.3145027160645
"2024-04-04 22:10:00.0000",11.44,79.5,2.7962794303894,14.7834796905518,31.8896369934082
"2024-04-04 22:09:04.0000",,,,,
"2024-04-04 22:20:00.0000",11.47,79.17,3.0556583404541,14.275806427002,24.2557220458984
"2024-04-04 22:30:00.0000",11.47,78.98,3.92857789993286,17.0691356658936,33.0283279418945
"2024-04-04 22:25:38.0000",,,,,
"2024-04-04 22:40:00.0000",11.48,79,3.13499331474304,14.8475942611694,37.7211265563965
"2024-04-04 22:50:00.0000",11.53,78.86,3.28042769432068,16.5690612792969,35.6622734069824
"2024-04-04 22:43:05.0000",,,,,
"2024-04-04 23:00:00.0000",11.55,79.16,3.94388747215271,17.9888610839844,47.4585723876953
"2024-04-04 23:00:36.0000",,,,,
"2024-04-04 23:20:00.0000",11.47,79.44,3.62889671325684,19.7657775878906,42.3838882446289
"2024-04-04 23:10:00.0000",11.52,79.12,3.49697637557983,17.9089336395264,35.1192626953125
"2024-04-04 23:19:07.0000",,,,,
"2024-04-04 23:30:00.0000",11.36,80.02,3.9382426738739,19.4095249176025,39.3270492553711
"2024-04-04 23:35:36.0000",,,,,
"2024-04-04 23:40:00.0000",11.26,80.44,3.84323048591614,18.6978893280029,42.3354454040527
"2024-04-04 23:50:00.0000",11.31,81.28,3.37240195274353,16.4654235839844,30.4457740783691
"2024-04-04 23:53:04.0000",,,,,
"2024-04-05 00:00:00.0000",11.38,81.53,3.51017355918884,19.3389568328857,38.7198028564453
"2024-04-05 00:10:00.0000",11.4,81.58,3.28854894638062,14.1141881942749,28.4584465026855
"2024-04-05 00:10:34.0000",,,,,
"2024-04-05 00:20:00.0000",11.51,81.9,2.74580883979797,14.1178607940674,28.6552448272705
"2024-04-05 00:30:00.0000",11.73,81.92,2.71206593513489,11.5868587493896,21.3443813323975
"2024-04-05 00:29:06.0000",,,,,
"2024-04-05 00:40:00.0000",11.8,81.55,2.32375478744507,10.118558883667,20.1279621124268
"2024-04-05 00:50:00.0000",11.87,82.22,2.0558340549469,8.39367008209229,14.9379692077637
"2024-04-05 00:45:33.0000",,,,,
"2024-04-05 01:00:00.0000",11.86,81.84,2.22614097595215,8.55293750762939,22.3583164215088
"2024-04-05 01:03:04.0000",,,,,
"2024-04-05 01:10:00.0000",11.86,81.95,2.24094915390015,9.03227996826172,17.9158344268799
"2024-04-05 01:20:00.0000",11.85,82.29,2.24811792373657,7.8972110748291,15.3997554779053
"2024-04-05 01:20:32.0000",,,,,
"2024-04-05 01:30:00.0000",11.97,82.56,2.05670428276062,7.63484764099121,14.7393827438354
"2024-04-05 01:40:00.0000",12.13,82.85,1.80241990089417,6.46996450424194,16.3592205047607
"2024-04-05 01:39:02.0000",,,,,
"2024-04-05 01:50:00.0000",12.16,82.56,1.74921536445618,6.54505395889282,12.9883689880371
"2024-04-05 02:00:00.0000",12.21,82.42,1.35051155090332,4.78303575515747,11.3391437530518
"2024-04-05 01:55:32.0000",,,,,
"2024-04-05 02:10:00.0000",12.26,82.41,1.02517080307007,4.01691627502441,9.44986438751221
"2024-04-05 02:13:06.0000",,,,,
"2024-04-05 02:20:00.0000",12.24,81.91,0.854724705219269,2.9671356678009,7.40246963500977
"2024-04-05 02:30:00.0000",12.27,82.13,0.581340372562408,2.4668116569519,6.76774930953979
"2024-04-05 02:30:36.0000",,,,,
"2024-04-05 02:40:00.0000",12.24,81.61,0.549928486347198,2.18342685699463,6.51282072067261
"2024-04-05 02:50:00.0000",12.26,82,0.668369114398956,2.93844866752625,7.04591655731201
"2024-04-05 02:48:58.0000",,,,,
"2024-04-05 03:00:00.0000",12.28,82.22,0.582981705665588,2.62097549438477,9.26289367675781
"2024-04-05 03:05:33.0000",,,,,
"2024-04-05 03:10:00.0000",12.21,82.68,0.817527770996094,3.06868767738342,8.24621200561523
"2024-04-05 03:20:00.0000",12.1,83.09,0.759548246860504,2.47908806800842,6.57294416427612
"2024-04-05 03:22:59.0000",,,,,
"2024-04-05 03:30:00.0000",11.97,84.15,0.81528514623642,2.96079778671265,8.57186603546143
"2024-04-05 03:40:00.0000",11.9,84.51,0.778859436511993,3.26800513267517,7.94156742095947
"2024-04-05 03:50:00.0000",11.93,84.43,0.751116812229156,2.7356390953064,5.53372097015381
"2024-04-05 03:40:30.0000",,,,,
"2024-04-05 04:00:00.0000",11.91,84.48,0.69476193189621,2.59257650375366,7.40864753723145
"2024-04-05 03:59:00.0000",,,,,
"2024-04-05 04:10:00.0000",11.78,84.4,0.690944314002991,3.12215542793274,8.55979824066162
"2024-04-05 04:20:00.0000",11.71,84.18,0.928822338581085,3.94059109687805,10.6252880096436
"2024-04-05 04:15:34.0000",,,,,
"2024-04-05 04:30:00.0000",11.68,84.69,1.45654845237732,8.12546443939209,18.3534317016602
"2024-04-05 04:33:04.0000",,,,,
"2024-04-05 04:40:00.0000",11.89,83.2,1.65857708454132,7.53260231018066,14.018120765686
"2024-04-05 04:50:00.0000",11.74,82.88,1.49516153335571,7.46559000015259,14.9328746795654
"2024-04-05 04:50:34.0000",,,,,
"2024-04-05 05:00:00.0000",11.87,82.26,2.05775165557861,9.51591682434082,16.9067249298096
"2024-04-05 05:09:00.0000",,,,,
"2024-04-05 05:10:00.0000",12,80.89,2.31882572174072,10.404125213623,19.446460723877
"2024-04-05 05:20:00.0000",11.92,81.16,2.15574765205383,10.0668525695801,21.9586734771729
"2024-04-05 05:30:00.0000",11.84,82,1.26054251194,5.1982216835022,12.0013380050659
"2024-04-05 05:25:32.0000",,,,,
"2024-04-05 05:40:00.0000",11.78,82,1.22903764247894,5.38183259963989,16.0250549316406
"2024-04-05 05:50:00.0000",11.71,82.03,1.51859521865845,6.15173387527466,17.7451667785645
"2024-04-05 05:43:02.0000",,,,,
"2024-04-05 06:00:00.0000",11.7,81.65,1.63817024230957,7.82529735565186,16.8992614746094
"2024-04-05 06:00:31.0000",,,,,
"2024-04-05 06:10:00.0000",11.75,82.3,1.91715383529663,8.15105438232422,14.4355058670044
"2024-04-05 06:20:00.0000",11.78,81.46,1.58846616744995,7.69425630569458,16.0069313049316
"2024-04-05 06:18:58.0000",,,,,
"2024-04-05 06:30:00.0000",11.75,81.01,1.42530572414398,5.34455251693726,9.0185432434082
"2024-04-05 06:35:31.0000",,,,,
"2024-04-05 06:40:00.0000",11.71,81.62,1.62340748310089,6.18297386169434,11.2753915786743
"2024-04-05 06:50:00.0000",11.67,81.88,1.7919442653656,7.71107006072998,22.304536819458
"2024-04-05 06:53:00.0000",,,,,
"2024-04-05 07:00:00.0000",11.83,81.42,1.99326086044312,8.39021396636963,16.5490016937256
"2024-04-05 07:10:00.0000",11.9,80.41,2.29044437408447,10.7347497940063,22.4698047637939
"2024-04-05 07:20:00.0000",12.2,76.88,3.16575908660889,13.8679332733154,26.8335742950439
"2024-04-05 07:10:30.0000",,,,,
"2024-04-05 07:30:00.0000",12.41,75.26,3.31190252304077,14.9302043914795,31.8607540130615
"2024-04-05 07:29:00.0000",,,,,
"2024-04-05 07:40:00.0000",12.54,75.48,2.92348408699036,12.1786479949951,21.3845901489258
"2024-04-05 07:50:00.0000",12.53,76.23,1.54123020172119,6.16945362091064,13.9400749206543
"2024-04-05 07:45:30.0000",,,,,
"2024-04-05 08:00:00.0000",12.52,77.15,2.03090238571167,8.05720520019531,19.4546890258789
"2024-04-05 08:02:58.0000",,,,,
"2024-04-05 08:20:00.0000",12.59,76.1,2.5999481678009,9.88764381408691,22.4708347320557
"2024-04-05 08:10:00.0000",12.54,77.29,2.30080604553223,10.1398706436157,20.557825088501
"2024-04-05 08:20:33.0000",,,,,
"2024-04-05 08:30:00.0000",12.66,74.56,2.78942346572876,11.6250638961792,24.935604095459
"2024-04-05 08:38:59.0000",,,,,
"2024-04-05 08:40:00.0000",13.02,72.9,2.92369723320007,12.407769203186,21.6394386291504
"2024-04-05 08:50:00.0000",13.07,72.29,3.24444532394409,13.3291282653809,30.8419399261475
"2024-04-05 09:00:00.0000",13.03,72.17,3.37963128089905,13.8304424285889,30.4891014099121
"2024-04-05 08:55:32.0000",,,,,
"2024-04-05 09:10:00.0000",13.43,70.33,4.06480741500854,16.807014465332,35.2505073547363
"2024-04-05 09:13:01.0000",,,,,
"2024-04-05 09:20:00.0000",13.87,67.38,3.7286114692688,17.5467910766602,36.5267753601074
"2024-04-05 09:30:00.0000",14.3,64.65,3.89673781394958,17.0728778839111,33.6030921936035
"2024-04-05 09:40:00.0000",14.66,63.83,3.94556546211243,18.0618877410889,43.7492523193359
"2024-04-05 09:30:31.0000",,,,,
"2024-04-05 09:50:00.0000",14.74,61.99,3.77866315841675,16.9494915008545,42.0353622436523
"2024-04-05 09:48:58.0000",,,,,
"2024-04-05 10:00:00.0000",14.57,61.13,4.20757675170898,16.6065139770508,28.735954284668
"2024-04-05 10:05:31.0000",,,,,
"2024-04-05 10:10:00.0000",14.53,62.16,4.0638484954834,18.0868377685547,41.5847816467285
"2024-04-05 10:20:00.0000",14.48,62.76,4.02775859832764,17.2449760437012,36.1672248840332
"2024-04-05 10:23:01.0000",,,,,
"2024-04-05 10:30:00.0000",14.47,63.16,3.64281225204468,15.1938285827637,29.7430477142334
"2024-04-05 10:40:00.0000",14.53,63,3.63419365882874,16.0281715393066,30.6010055541992
"2024-04-05 10:40:29.0000",,,,,
"2024-04-05 10:50:00.0000",14.43,62.91,3.5123450756073,14.4420557022095,30.9893684387207
"2024-04-05 11:00:00.0000",14.63,64.58,2.79125452041626,11.3100509643555,23.9516124725342
"2024-04-05 11:00:27.0000",,,,,
"2024-04-05 10:59:01.0000",,,,,
"2024-04-05 11:20:00.0000",15.62,61.98,1.86581337451935,7.28861951828003,16.8671569824219
"2024-04-05 11:10:00.0000",14.97,63.63,2.34995865821838,9.20856857299805,21.2636623382568
"2024-04-05 11:15:30.0000",,,,,
"2024-04-05 11:30:00.0000",15.86,61.23,1.85814094543457,7.66021919250488,14.0464248657227
"2024-04-05 11:32:58.0000",,,,,
"2024-04-05 11:40:00.0000",15.28,62.99,2.33380889892578,9.04335594177246,15.7137880325317
"2024-04-05 11:50:00.0000",14.83,64.74,2.52186894416809,10.6024608612061,20.8359050750732
"2024-04-05 11:50:28.0000",,,,,
"2024-04-05 12:00:00.0000",15.4,63.8,2.50775218009949,10.130033493042,22.4658908843994
"2024-04-05 12:09:00.0000",,,,,
"2024-04-05 12:10:00.0000",15.61,61.04,2.67876720428467,10.3273077011108,17.4878940582275
"2024-04-05 12:20:00.0000",16.29,59.83,3.54204320907593,13.69029712677,21.6947212219238
"2024-04-05 12:30:00.0000",16.58,58.66,3.72104358673096,15.0474185943604,33.715274810791
"2024-04-05 12:25:28.0000",,,,,
"2024-04-05 12:40:00.0000",16.21,55.7,3.50078654289246,12.0648012161255,19.2659454345703
"2024-04-05 12:50:00.0000",16.03,56.28,3.51957082748413,13.3368463516235,24.6789989471436
"2024-04-05 12:43:03.0000",,,,,
"2024-04-05 13:00:00.0000",16.29,57.03,3.79784941673279,14.3267135620117,24.7140083312988
"2024-04-05 13:00:31.0000",,,,,
"2024-04-05 13:10:00.0000",16.27,55.57,3.84609341621399,14.4430723190308,25.7991409301758
"2024-04-05 13:20:00.0000",15.69,57.42,4.04619359970093,15.0202121734619,29.6966018676758
"2024-04-05 13:18:58.0000",,,,,
"2024-04-05 13:35:31.0000",,,,,
"2024-04-05 13:30:00.0000",15.51,57.6,3.7861692905426,15.2644100189209,30.8934078216553
"2024-04-05 13:40:00.0000",15.48,57.38,4.42113018035889,18.5611133575439,37.0764961242676
"2024-04-05 13:50:00.0000",15.16,59.56,4.03127956390381,16.8144016265869,29.3968811035156
"2024-04-05 13:53:01.0000",,,,,
"2024-04-05 14:00:00.0000",14.89,62.91,4.27579784393311,19.0427417755127,42.4123992919922
"2024-04-05 14:10:00.0000",14.86,62.43,4.21715068817139,17.8506145477295,36.3416023254395
"2024-04-05 14:20:00.0000",15,63.7,4.02955150604248,16.9347286224365,32.3349990844727
"2024-04-05 14:10:31.0000",,,,,
"2024-04-05 14:30:00.0000",14.98,62.28,3.2597439289093,14.1225204467773,26.9937553405762
"2024-04-05 14:29:01.0000",,,,,
"2024-04-05 14:40:00.0000",14.85,64.71,3.19010424613953,11.8616094589233,18.4105396270752
"2024-04-05 14:50:00.0000",15.06,64.63,3.82193565368652,13.7665967941284,21.2344131469727
"2024-04-05 14:45:29.0000",,,,,
"2024-04-05 15:00:00.0000",15.17,62.89,4.27770757675171,17.040491104126,41.9267158508301
"2024-04-05 15:03:00.0000",,,,,
"2024-04-05 15:20:00.0000",15.12,62.1,3.74168300628662,14.6059236526489,22.8753299713135
"2024-04-05 15:10:00.0000",15.22,64.17,3.82574200630188,15.2362689971924,32.6383056640625
"2024-04-05 15:20:29.0000",,,,,
"2024-04-05 15:30:00.0000",15.05,62.06,3.67685055732727,13.7973041534424,26.9259433746338
"2024-04-05 15:40:00.0000",15.08,61.36,3.59678411483765,13.1112957000732,28.0213356018066
"2024-04-05 15:39:09.0000",,,,,
"2024-04-05 15:50:00.0000",15.42,59.31,4.04871225357056,17.0403785705566,34.0183486938477
"2024-04-05 16:00:00.0000",15.47,58.28,4.48504018783569,17.1326293945312,27.4573783874512
"2024-04-05 15:55:29.0000",,,,,
"2024-04-05 16:10:00.0000",15.69,57.07,4.2383337020874,15.9033041000366,26.6230411529541
"2024-04-05 16:20:00.0000",15.55,57.69,3.70559120178223,15.8803205490112,27.9010581970215
"2024-04-05 16:12:58.0000",,,,,
"2024-04-05 16:30:00.0000",15.65,55.15,4.14480590820312,16.7956714630127,32.5150260925293
"2024-04-05 16:30:28.0000",,,,,
"2024-04-05 16:40:00.0000",15.58,55.98,4.18312406539917,18.8567581176758,39.8682136535645
"2024-04-05 16:50:00.0000",15.72,55.37,4.22699642181396,17.8379020690918,30.4821929931641
"2024-04-05 16:48:53.0000",,,,,
"2024-04-05 17:00:00.0000",15.78,55.57,4.10247278213501,16.9018669128418,31.4400539398193
"2024-04-05 17:05:26.0000",,,,,
"2024-04-05 17:10:00.0000",15.67,54.24,4.32995271682739,16.051815032959,28.3916645050049
"2024-04-05 17:20:00.0000",15.56,54.32,4.27725887298584,15.7823209762573,28.4880313873291
"2024-04-05 17:22:56.0000",,,,,
"2024-04-05 17:30:00.0000",15.47,56.15,4.35872268676758,17.0330600738525,31.2412376403809
"2024-04-05 17:40:00.0000",15.3,56,4.20434379577637,17.7375221252441,29.8156299591064
"2024-04-05 17:50:00.0000",15.28,56.01,4.7807674407959,17.7506427764893,36.9369201660156
"2024-04-05 17:40:25.0000",,,,,
"2024-04-05 18:00:00.0000",15.25,55.36,4.56320190429688,16.8213386535645,32.5740051269531
"2024-04-05 17:58:55.0000",,,,,
"2024-04-05 18:10:00.0000",15.31,55.73,4.88197326660156,18.8698959350586,41.9495582580566
"2024-04-05 18:20:00.0000",15.33,55.65,4.691734790802,19.4059143066406,49.8983306884766
"2024-04-05 18:15:24.0000",,,,,
"2024-04-05 18:30:00.0000",15.33,54.67,4.99218368530273,19.5967197418213,34.4013061523438
"2024-04-05 18:32:54.0000",,,,,
"2024-04-05 18:50:00.0000",15.22,54.91,4.6123309135437,18.4564990997314,34.4460220336914
"2024-04-05 18:40:00.0000",15.29,55.13,4.16789150238037,17.2825126647949,37.5571556091309
"2024-04-05 18:50:24.0000",,,,,
"2024-04-05 19:00:00.0000",15.1,55.29,4.4726185798645,16.9683876037598,34.9974365234375
"2024-04-05 19:10:00.0000",15.03,55.88,4.59032249450684,19.3916969299316,33.0654335021973
"2024-04-05 19:08:56.0000",,,,,
"2024-04-05 19:20:00.0000",14.93,56.66,4.53599548339844,17.5083694458008,34.8554344177246
"2024-04-05 19:30:00.0000",14.85,57.15,4.41496801376343,18.0967788696289,29.0759048461914
"2024-04-05 19:25:28.0000",,,,,
"2024-04-05 19:40:00.0000",14.78,58.02,4.31428861618042,17.1167087554932,36.7195854187012
"2024-04-05 19:42:58.0000",,,,,
"2024-04-05 19:50:00.0000",14.79,58.53,5.08920097351074,21.1619129180908,43.0496559143066
"2024-04-05 20:00:00.0000",14.68,59.43,4.72994089126587,20.5255355834961,47.0421867370605
"2024-04-05 20:00:28.0000",,,,,
"2024-04-05 20:20:00.0000",13.88,64.91,4.85168075561523,22.1009674072266,44.3500785827637
"2024-04-05 20:10:00.0000",14.5,61.01,4.94429302215576,22.9927539825439,43.3914222717285
"2024-04-05 20:18:52.0000",,,,,
"2024-04-05 20:30:00.0000",13.45,66.4,4.70429849624634,22.1280708312988,54.8114929199219
"2024-04-05 20:35:27.0000",,,,,
"2024-04-05 20:40:00.0000",13.48,67.77,4.9640736579895,21.4333095550537,40.0797462463379
"2024-04-05 20:50:00.0000",13.46,67.95,4.73721885681152,22.6034183502197,44.383617401123
"2024-04-05 20:52:57.0000",,,,,
"2024-04-05 21:00:00.0000",13.41,67.98,5.03287267684937,23.762228012085,49.4506034851074
"2024-04-05 21:10:00.0000",13.43,69.1,4.9754376411438,23.4542541503906,42.2012100219727
"2024-04-05 21:10:26.0000",,,,,
"2024-04-05 21:20:00.0000",13.4,69.66,4.83829259872437,20.6119155883789,32.0504989624023
"2024-04-05 21:30:00.0000",13.33,70.17,4.63666296005249,20.2976093292236,33.5567359924316
"2024-04-05 21:28:57.0000",,,,,
"2024-04-05 21:40:00.0000",13.36,70.22,4.67805957794189,21.8353290557861,48.7564811706543
"2024-04-05 21:50:00.0000",13.33,69.55,4.51131916046143,21.2895526885986,43.9008598327637
"2024-04-05 21:45:24.0000",,,,,
"2024-04-05 22:00:00.0000",13.31,69.47,4.38046789169312,20.3117027282715,37.0238189697266
"2024-04-05 22:02:55.0000",,,,,
"2024-04-05 22:10:00.0000",13.32,69.94,4.19921064376831,19.4067630767822,37.0519142150879
"2024-04-05 22:20:00.0000",13.28,69.77,4.21748447418213,20.1592502593994,39.1730880737305
"2024-04-05 22:20:25.0000",,,,,
"2024-04-05 22:30:00.0000",13.23,70.28,3.91890168190002,19.0605201721191,35.4099273681641
"2024-04-05 22:38:55.0000",,,,,
"2024-04-05 22:40:00.0000",13.17,70.39,3.38644886016846,14.0497016906738,25.0140819549561
"2024-04-05 22:50:00.0000",13.12,70.68,3.34695506095886,14.7312631607056,29.2528877258301
"2024-04-05 23:00:00.0000",13.12,70.89,4.02058219909668,17.8308181762695,32.3617553710938
"2024-04-05 22:55:24.0000",,,,,
"2024-04-05 23:10:00.0000",13.07,72.21,4.33806753158569,19.8250160217285,37.0205764770508
"2024-04-05 23:20:00.0000",13.01,72.87,4.28166341781616,21.2121887207031,43.0822639465332
"2024-04-05 23:12:54.0000",,,,,
"2024-04-05 23:30:00.0000",13.01,73.28,3.56009984016418,16.4706516265869,31.0123443603516
"2024-04-05 23:30:28.0000",,,,,
"2024-04-05 23:40:00.0000",12.97,73.67,3.40598201751709,14.9583187103271,24.4722499847412
"2024-04-05 23:50:00.0000",12.84,74.44,3.3623423576355,14.4167947769165,25.9020557403564
"2024-04-05 23:48:54.0000",,,,,
"2024-04-06 00:00:00.0000",12.78,75.23,2.8581907749176,13.6090660095215,24.5407447814941
"2024-04-06 00:05:28.0000",,,,,
"2024-04-06 00:10:00.0000",12.7,75.67,2.59100246429443,11.9890270233154,26.8622970581055
"2024-04-06 00:20:00.0000",12.56,76.46,2.52419114112854,11.8024616241455,22.5122146606445
"2024-04-06 00:22:57.0000",,,,,
"2024-04-06 00:30:00.0000",12.47,77.78,2.27852535247803,11.0279769897461,22.9096870422363
"2024-04-06 00:40:00.0000",12.43,78.18,2.4198784828186,11.3153247833252,22.8822288513184
"2024-04-06 00:50:00.0000",12.37,78.78,2.44793272018433,11.3578290939331,22.4881477355957
"2024-04-06 00:40:26.0000",,,,,
"2024-04-06 01:00:00.0000",12.34,80.01,2.59148907661438,13.3314027786255,32.7566909790039
"2024-04-06 00:58:57.0000",,,,,
"2024-04-06 01:20:00.0000",12.36,80.81,2.42924451828003,11.4461183547974,20.6724967956543
"2024-04-06 01:10:00.0000",12.33,80.52,2.7086284160614,13.5971088409424,24.5831260681152
"2024-04-06 01:15:26.0000",,,,,
"2024-04-06 01:30:00.0000",12.38,80.84,2.35505723953247,10.2623920440674,19.5259437561035
"2024-04-06 01:32:54.0000",,,,,
"2024-04-06 01:40:00.0000",12.43,81.84,2.03108477592468,9.94703006744385,21.9392890930176
"2024-04-06 01:50:00.0000",12.54,82,1.6229453086853,8.16835021972656,15.2877140045166
"2024-04-06 01:50:24.0000",,,,,
"2024-04-06 02:00:00.0000",12.56,82.22,1.570596575737,7.65994262695312,15.7459049224854
"2024-04-06 02:10:00.0000",12.62,83.32,1.51536440849304,5.87713718414307,17.730785369873
"2024-04-06 02:08:55.0000",,,,,
"2024-04-06 02:20:00.0000",12.63,83.04,1.4531010389328,5.90114736557007,13.4155807495117
"2024-04-06 02:30:00.0000",12.59,82.42,1.60116291046143,7.30454397201538,16.7319602966309
"2024-04-06 02:25:24.0000",,,,,
"2024-04-06 02:40:00.0000",12.7,82.75,1.38649761676788,6.74739503860474,14.0018854141235
"2024-04-06 02:50:00.0000",12.82,82.26,1.47312366962433,5.86921453475952,13.243727684021
"2024-04-06 02:42:53.0000",,,,,
"2024-04-06 03:00:00.0000",12.9,82,1.47643947601318,7.19003105163574,14.2216243743896
"2024-04-06 03:00:22.0000",,,,,
"2024-04-06 03:20:00.0000",12.96,81.3,2.00986933708191,8.26425457000732,15.9497766494751
"2024-04-06 03:10:00.0000",12.99,81.55,1.86099231243134,8.26800727844238,14.9767293930054
"2024-04-06 03:18:53.0000",,,,,
"2024-04-06 03:30:00.0000",12.99,81.04,1.92364454269409,8.76570987701416,18.4684810638428
"2024-04-06 03:35:23.0000",,,,,
"2024-04-06 03:40:00.0000",12.97,80.83,2.36661171913147,10.1974973678589,22.0702381134033
"2024-04-06 03:50:00.0000",12.99,80.89,3.05905532836914,12.3759574890137,20.7569580078125
"2024-04-06 03:52:57.0000",,,,,
"2024-04-06 04:00:00.0000",13.04,80.52,2.22905445098877,9.16933441162109,15.7548007965088
"2024-04-06 04:10:00.0000",13.08,80.47,2.36441969871521,9.28206920623779,19.2022476196289
"2024-04-06 04:20:00.0000",13.19,80.27,2.42887401580811,10.5147876739502,22.4626007080078
"2024-04-06 04:10:27.0000",,,,,
"2024-04-06 04:30:00.0000",13.29,80.05,2.73556065559387,10.9409112930298,21.6294021606445
"2024-04-06 04:28:57.0000",,,,,
"2024-04-06 04:40:00.0000",13.33,79.73,2.33258461952209,9.25205421447754,15.652247428894
"2024-04-06 04:50:00.0000",13.41,79.44,2.09529566764832,9.72669887542725,22.2337284088135
"2024-04-06 04:45:21.0000",,,,,
"2024-04-06 05:00:00.0000",13.41,79.04,2.03363370895386,8.56224155426025,18.1599063873291
"2024-04-06 05:02:50.0000",,,,,
"2024-04-06 05:10:00.0000",13.43,78.65,1.87807154655457,8.74573802947998,21.2159595489502
"2024-04-06 05:20:00.0000",13.42,78.23,1.94045186042786,7.83213138580322,15.9252138137817
"2024-04-06 05:20:20.0000",,,,,
"2024-04-06 05:30:00.0000",13.41,77.78,1.83477973937988,7.05912637710571,21.0583095550537
"2024-04-06 05:38:50.0000",,,,,
"2024-04-06 05:40:00.0000",13.4,77.05,1.80816757678986,7.70535802841187,15.8518762588501
"2024-04-06 05:50:00.0000",13.46,76.85,1.80391979217529,6.88782691955566,15.9539728164673
"2024-04-06 06:00:00.0000",13.5,76.65,1.65823376178741,6.65114545822144,14.8237819671631
"2024-04-06 05:55:25.0000",,,,,
"2024-04-06 06:10:00.0000",13.53,75.68,1.71994805335999,7.01895427703857,17.9997463226318
"2024-04-06 06:12:54.0000",,,,,
"2024-04-06 06:20:00.0000",13.49,75.53,1.92672264575958,8.35225677490234,20.3711357116699
"2024-04-06 06:30:00.0000",13.42,75.56,1.82272636890411,6.74071311950684,15.5279302597046
"2024-04-06 06:30:23.0000",,,,,
"2024-04-06 06:40:00.0000",13.49,75.23,1.76288139820099,6.87423706054688,17.25950050354
"2024-04-06 06:50:00.0000",13.63,74.9,2.70256066322327,8.64086818695068,14.3385677337646
"2024-04-06 06:48:49.0000",,,,,
"2024-04-06 07:00:00.0000",13.8,73.89,1.55406153202057,6.36415100097656,12.4855461120605
"2024-04-06 07:05:22.0000",,,,,
"2024-04-06 07:10:00.0000",13.95,73.08,1.47429323196411,4.97787284851074,9.41578769683838
"2024-04-06 07:20:00.0000",14.08,71.8,1.4967805147171,5.43815088272095,12.278528213501
"2024-04-06 07:22:52.0000",,,,,
"2024-04-06 07:30:00.0000",14.36,70.64,1.5167328119278,5.87766981124878,18.8200206756592
"2024-04-06 07:40:00.0000",14.61,69.56,1.56536400318146,5.40987014770508,13.7025175094604
"2024-04-06 07:40:21.0000",,,,,
"2024-04-06 07:50:00.0000",14.78,69.21,1.43667590618134,4.91725873947144,13.9748888015747
"2024-04-06 08:00:00.0000",14.87,68.13,1.47579574584961,6.3669695854187,15.6995191574097
"2024-04-06 07:58:47.0000",,,,,
"2024-04-06 08:20:00.0000",15.01,67.2,1.60737156867981,5.27795505523682,10.5096092224121
"2024-04-06 08:10:00.0000",14.97,67.51,1.42353773117065,4.92758131027222,13.9650688171387
"2024-04-06 08:15:22.0000",,,,,
"2024-04-06 08:30:00.0000",15,67.35,1.56431078910828,5.42580842971802,19.3868637084961
"2024-04-06 08:32:50.0000",,,,,
"2024-04-06 08:50:00.0000",15.24,67.05,1.76339709758759,7.17417144775391,29.8805599212646
"2024-04-06 08:40:00.0000",15.1,67.11,1.8184357881546,6.37926149368286,12.939790725708
"2024-04-06 08:50:20.0000",,,,,
"2024-04-06 09:00:00.0000",15.39,66.8,1.77210533618927,6.950026512146,18.7172794342041
"2024-04-06 09:08:51.0000",,,,,
"2024-04-06 09:10:00.0000",15.5,66.12,1.71876680850983,6.90508270263672,17.4029693603516
"2024-04-06 09:20:00.0000",15.59,65.7,1.92642033100128,7.85218572616577,26.8432445526123
"2024-04-06 09:30:00.0000",15.79,65.4,1.97501921653748,6.7898383140564,15.5781335830688
"2024-04-06 09:25:19.0000",,,,,
"2024-04-06 09:40:00.0000",15.94,64.62,2.24295473098755,9.01254177093506,30.0714206695557
"2024-04-06 09:50:00.0000",15.83,63.87,2.18474173545837,8.79327964782715,26.740894317627
"2024-04-06 09:42:49.0000",,,,,
"2024-04-06 10:00:00.0000",16.09,64,2.14632725715637,8.72114753723145,27.2376518249512
"2024-04-06 10:00:20.0000",,,,,
"2024-04-06 10:10:00.0000",16.12,64.24,2.11706924438477,7.73605680465698,18.952262878418
"2024-04-06 10:20:00.0000",16.23,63.95,1.99107503890991,8.34902286529541,31.008939743042
"2024-04-06 10:18:49.0000",,,,,
"2024-04-06 10:30:00.0000",16.57,62.98,2.19685697555542,8.8129825592041,18.8748569488525
"2024-04-06 10:35:23.0000",,,,,
"2024-04-06 10:40:00.0000",16.18,63.36,2.46090602874756,9.56535148620605,21.6381168365479
"2024-04-06 10:50:00.0000",16.14,64.12,2.41806292533875,8.36069297790527,17.3866214752197
"2024-04-06 10:52:52.0000",,,,,
"2024-04-06 11:00:00.0000",16.23,64.24,2.45869660377502,8.87514019012451,19.8940238952637
"2024-04-06 11:00:23.0000",,,,,
"2024-04-06 11:10:00.0000",16.59,63.32,2.24081349372864,8.98045349121094,18.1148872375488
"2024-04-06 11:20:00.0000",17.01,54.94,1.7028032541275,5.9177885055542,14.1918964385986
"2024-04-06 11:10:23.0000",,,,,
"2024-04-06 11:30:00.0000",16.91,50.69,2.01718378067017,8.08199024200439,17.399435043335
"2024-04-06 11:28:48.0000",,,,,
"2024-04-06 11:50:00.0000",17.07,49.13,1.82868599891663,6.83443403244019,17.1214962005615
"2024-04-06 11:40:00.0000",17.21,50.2,1.61905014514923,6.00380086898804,10.2513866424561
"2024-04-06 11:45:21.0000",,,,,
"2024-04-06 12:00:00.0000",16.85,48.87,1.80624938011169,6.53525829315186,13.0076990127563
"2024-04-06 12:02:50.0000",,,,,
"2024-04-06 12:10:00.0000",16.89,49.42,1.5185319185257,6.04809522628784,15.8498620986938
"2024-04-06 12:20:00.0000",17.3,49.45,1.66624188423157,6.52388858795166,16.2598152160645
"2024-04-06 12:20:21.0000",,,,,
"2024-04-06 12:30:00.0000",17.59,49.13,1.45245766639709,5.54134273529053,9.8035717010498
"2024-04-06 12:38:52.0000",,,,,
"2024-04-06 12:40:00.0000",17.74,48.68,1.29042458534241,4.72724771499634,10.9462909698486
"2024-04-06 12:50:00.0000",17.55,47.96,1.18961405754089,5.40965175628662,11.689811706543
"2024-04-06 13:00:00.0000",17.59,48.98,2.14200186729431,8.40357208251953,18.7923641204834
"2024-04-06 12:55:20.0000",,,,,
"2024-04-06 13:10:00.0000",17.69,47.58,2.147700548172,8.70680332183838,17.3319282531738
"2024-04-06 13:12:50.0000",,,,,
"2024-04-06 13:20:00.0000",17.8,48.08,2.89206147193909,10.7153568267822,20.0530757904053
"2024-04-06 13:30:00.0000",17.64,47.4,2.17900276184082,7.23642539978027,18.8894348144531
"2024-04-06 13:30:18.0000",,,,,
"2024-04-06 13:40:00.0000",17.91,47.39,2.32669281959534,7.26764106750488,12.0353221893311
"2024-04-06 13:50:00.0000",17.66,47.06,2.10735464096069,6.97484874725342,12.7552614212036
"2024-04-06 13:48:51.0000",,,,,
"2024-04-06 14:00:00.0000",17.54,46.65,2.12764453887939,6.91290712356567,13.7687530517578
"2024-04-06 14:05:17.0000",,,,,
"2024-04-06 14:10:00.0000",17.57,46.19,2.16460752487183,7.01328277587891,15.9777984619141
"2024-04-06 14:20:00.0000",17.61,45.8,2.5222647190094,7.40065479278564,12.1648778915405
"2024-04-06 14:22:47.0000",,,,,
"2024-04-06 14:30:00.0000",17.51,46.29,2.34884071350098,8.07882881164551,15.8643369674683
"2024-04-06 14:40:00.0000",17.64,45.68,2.25157976150513,7.31521415710449,12.2848520278931
"2024-04-06 14:50:00.0000",17.79,46.3,2.71543550491333,8.64259433746338,13.8940839767456
"2024-04-06 14:40:22.0000",,,,,
"2024-04-06 15:00:00.0000",17.72,44.23,2.0693666934967,6.74879026412964,16.645414352417
"2024-04-06 14:58:48.0000",,,,,
"2024-04-06 15:20:00.0000",17.85,43.98,2.42259526252747,7.39488744735718,13.0111970901489
"2024-04-06 15:10:00.0000",17.65,42.35,1.9163476228714,5.99989986419678,16.0873680114746
"2024-04-06 15:15:22.0000",,,,,
"2024-04-06 15:30:00.0000",17.64,42.22,2.51252722740173,7.45052289962769,11.3921966552734
"2024-04-06 15:32:51.0000",,,,,
"2024-04-06 15:50:00.0000",17.87,43.03,2.07707118988037,6.92866039276123,13.5418615341187
"2024-04-06 15:40:00.0000",17.75,42.35,2.32220935821533,7.39525699615479,13.3904361724854
"2024-04-06 15:50:21.0000",,,,,
"2024-04-06 16:00:00.0000",17.64,43.91,3.03319311141968,10.0609760284424,16.9133415222168
"2024-04-06 16:08:52.0000",,,,,
"2024-04-06 16:10:00.0000",17.4,44.68,2.92057943344116,10.3058176040649,18.2767028808594
"2024-04-06 16:20:00.0000",17.61,43.34,1.98970305919647,7.05407857894897,12.4266796112061
"2024-04-06 16:30:00.0000",17.41,44.3,2.90278506278992,9.46449756622314,17.4145069122314
"2024-04-06 16:25:21.0000",,,,,
"2024-04-06 16:40:00.0000",17.41,44.25,1.83104598522186,5.99182748794556,11.3945894241333
"2024-04-06 16:50:00.0000",16.96,46.1,2.38333034515381,9.0273265838623,16.6212692260742
"2024-04-06 16:42:49.0000",,,,,
"2024-04-06 17:00:00.0000",16.48,46.13,2.40481066703796,7.1013708114624,11.5872631072998
"2024-04-06 17:00:20.0000",,,,,
"2024-04-06 17:20:00.0000",15.39,51.36,1.54224014282227,5.55836582183838,11.089695930481
"2024-04-06 17:10:00.0000",15.94,49.86,2.42939400672913,8.26204586029053,13.930552482605
"2024-04-06 17:18:50.0000",,,,,
"2024-04-06 17:30:00.0000",14.79,52.38,1.73578345775604,5.96602821350098,9.80853462219238
"2024-04-06 17:35:18.0000",,,,,
"2024-04-06 17:40:00.0000",14.04,56.37,1.55737495422363,6.29361820220947,11.3708190917969
"2024-04-06 17:50:00.0000",13.76,57.45,1.50613212585449,4.97835111618042,10.4474601745605
"2024-04-06 17:52:47.0000",,,,,
"2024-04-06 18:00:00.0000",13.74,57.95,1.80732429027557,6.87753486633301,13.0342092514038
"2024-04-06 18:10:00.0000",13.85,58.62,2.48204755783081,10.2164011001587,22.0904960632324
"2024-04-06 18:20:00.0000",13.85,59.25,2.89080548286438,10.8327903747559,28.9719715118408
"2024-04-06 18:10:17.0000",,,,,
"2024-04-06 18:30:00.0000",13.65,60.49,2.56349921226501,9.59242343902588,17.0885486602783
"2024-04-06 18:28:44.0000",,,,,
"2024-04-06 18:40:00.0000",13.2,62.93,2.61448931694031,10.0223541259766,20.0091743469238
"2024-04-06 18:50:00.0000",12.76,65.54,2.76204514503479,11.8462600708008,25.7690544128418
"2024-04-06 18:45:16.0000",,,,,
"2024-04-06 19:00:00.0000",12.28,68.31,3.0123724937439,11.2021598815918,27.844612121582
"2024-04-06 19:02:46.0000",,,,,
"2024-04-06 19:10:00.0000",11.84,71.71,3.5699348449707,14.1114339828491,38.5109634399414
"2024-04-06 19:20:00.0000",11.58,74.85,3.52506232261658,16.201244354248,47.4211387634277
"2024-04-06 19:20:16.0000",,,,,
"2024-04-06 19:30:00.0000",11.26,77.4,5.77848196029663,21.779993057251,59.4538192749023
"2024-04-06 19:38:46.0000",,,,,
"2024-04-06 19:40:00.0000",10.95,78.13,1.87516987323761,9.05047702789307,18.3763637542725
"2024-04-06 19:50:00.0000",10.92,78.93,1.40399885177612,5.8535041809082,15.0135869979858
"2024-04-06 20:00:00.0000",10.83,77.68,1.44145381450653,5.74384546279907,16.0631427764893
"2024-04-06 19:55:21.0000",,,,,
"2024-04-06 20:10:00.0000",10.68,76.83,0.949592709541321,4.70213842391968,13.0643730163574
"2024-04-06 20:12:45.0000",,,,,
"2024-04-06 20:20:00.0000",10.56,76.35,0.776276230812073,2.96442461013794,10.1214437484741
"2024-04-06 20:30:00.0000",10.56,77.23,0.814198434352875,2.68093824386597,5.87750387191772
"2024-04-06 20:30:15.0000",,,,,
"2024-04-06 20:40:00.0000",10.52,77.53,1.70465278625488,5.09854698181152,11.9676380157471
"2024-04-06 20:50:00.0000",10.5,77.69,1.59676218032837,4.12142705917358,9.95880126953125
"2024-04-06 20:48:44.0000",,,,,
"2024-04-06 21:00:00.0000",10.6,76.68,0.767222940921783,2.67542767524719,6.88463068008423
"2024-04-06 21:05:14.0000",,,,,
"2024-04-06 21:10:00.0000",10.66,75.86,0.713365018367767,3.12703442573547,14.9280080795288
"2024-04-06 21:20:00.0000",10.68,75.5,0.674974918365479,2.50582551956177,6.35943365097046
"2024-04-06 21:22:47.0000",,,,,
"2024-04-06 21:30:00.0000",10.53,77.4,0.904112100601196,3.59391355514526,8.31350803375244
"2024-04-06 21:40:00.0000",10.38,78.08,0.615504384040833,2.096027135849,5.02171897888184
"2024-04-06 21:50:00.0000",10.28,77.51,0.951006233692169,3.14756345748901,6.65086078643799
"2024-04-06 21:40:19.0000",,,,,
"2024-04-06 22:00:00.0000",10.28,78.6,1.34183824062347,4.81694602966309,9.2307186126709
"2024-04-06 21:58:44.0000",,,,,
"2024-04-06 22:20:00.0000",10.42,74.38,1.38692450523376,5.19578266143799,10.6349391937256
"2024-04-06 22:10:00.0000",10.25,77.33,0.990087926387787,4.03478717803955,9.25600433349609
"2024-04-06 22:15:16.0000",,,,,
"2024-04-06 22:30:00.0000",10.61,71.7,1.54769492149353,5.88958120346069,13.446569442749
"2024-04-06 22:32:47.0000",,,,,
"2024-04-06 22:50:00.0000",10.93,67.83,2.06077933311462,8.82672691345215,16.3499660491943
"2024-04-06 22:40:00.0000",10.84,69.12,1.9921989440918,7.71707057952881,19.315055847168
"2024-04-06 22:50:16.0000",,,,,
"2024-04-06 23:00:00.0000",10.94,67.15,2.47258877754211,10.6211585998535,21.7593269348145
"2024-04-06 23:08:47.0000",,,,,
"2024-04-06 23:10:00.0000",10.99,66.13,2.41259026527405,10.982400894165,24.1936168670654
"2024-04-06 23:20:00.0000",11.01,65.81,2.18952775001526,9.88765430450439,20.6577663421631
"2024-04-06 23:30:00.0000",10.87,66.21,1.97954094409943,9.71761608123779,21.1258983612061
"2024-04-06 23:25:16.0000",,,,,
"2024-04-06 23:40:00.0000",10.85,66.34,2.92339682579041,11.6592559814453,19.9470252990723
"2024-04-06 23:50:00.0000",10.83,66.63,2.57837414741516,11.8409633636475,25.7940444946289
"2024-04-06 23:42:45.0000",,,,,
"2024-04-07 00:00:00.0000",10.82,66.73,2.7644350528717,12.7208518981934,23.3531684875488
"2024-04-07 00:00:14.0000",,,,,
"2024-04-07 00:10:00.0000",10.6,68.02,2.44424676895142,11.0446643829346,20.2779941558838
"2024-04-07 00:20:00.0000",10.53,70.43,2.86373257637024,13.7458181381226,30.019739151001
"2024-04-07 00:18:45.0000",,,,,
"2024-04-07 00:30:00.0000",10.58,71.5,2.56175756454468,11.77503490448,29.1038856506348
"2024-04-07 00:35:13.0000",,,,,
"2024-04-07 00:40:00.0000",10.47,70.82,2.55422902107239,10.1436462402344,19.9244728088379
"2024-04-07 00:50:00.0000",10.21,72.23,1.83951950073242,8.47571182250977,15.9967136383057
"2024-04-07 00:52:44.0000",,,,,
"2024-04-07 01:00:00.0000",10.16,72.31,1.75615847110748,7.29773998260498,17.275426864624
"2024-04-07 01:10:00.0000",10.16,70.29,1.25488471984863,5.66022443771362,10.4238348007202
"2024-04-07 01:20:00.0000",10.28,67.42,1.58435904979706,6.46281051635742,12.4718008041382
"2024-04-07 01:10:14.0000",,,,,
"2024-04-07 01:30:00.0000",10.21,66.24,1.66272830963135,7.53520965576172,15.0655813217163
"2024-04-07 01:28:44.0000",,,,,
"2024-04-07 01:40:00.0000",10.15,65.61,1.49262034893036,6.79272794723511,17.5241146087646
"2024-04-07 01:50:00.0000",10.16,64.78,1.86113440990448,8.29990291595459,15.6086950302124
"2024-04-07 01:45:16.0000",,,,,
"2024-04-07 02:00:00.0000",10.16,63.57,2.22541260719299,9.87532424926758,16.441370010376
"2024-04-07 02:02:47.0000",,,,,
"2024-04-07 02:20:00.0000",10.11,64.59,2.17878651618958,9.65812110900879,19.9151420593262
"2024-04-07 02:10:00.0000",10.2,63.4,1.86471891403198,9.04244804382324,19.0834617614746
"2024-04-07 02:20:16.0000",,,,,
"2024-04-07 02:30:00.0000",9.93,65.21,2.83698606491089,11.4217643737793,21.6572113037109
"2024-04-07 02:38:48.0000",,,,,
"2024-04-07 02:40:00.0000",10.1,64.03,2.48897004127502,9.89177417755127,17.5608291625977
"2024-04-07 02:50:00.0000",9.99,65.13,2.4207136631012,11.6233930587769,24.3246574401855
"2024-04-07 03:00:00.0000",9.83,65.88,2.30891060829163,9.62621879577637,19.8671226501465
"2024-04-07 02:55:15.0000",,,,,
"2024-04-07 03:10:00.0000",9.69,66.65,2.54534316062927,12.0904560089111,27.8306121826172
"2024-04-07 03:20:00.0000",9.73,66.24,2.77961874008179,12.7690334320068,25.8451404571533
"2024-04-07 03:12:45.0000",,,,,
"2024-04-07 03:30:00.0000",9.8,65.52,3.35655689239502,14.0274801254272,26.6822910308838
"2024-04-07 03:30:14.0000",,,,,
"2024-04-07 03:40:00.0000",9.93,64.57,3.06781721115112,14.3821325302124,28.4392528533936
"2024-04-07 03:50:00.0000",10.02,64.5,2.92875480651855,13.2546033859253,30.364128112793
"2024-04-07 03:48:46.0000",,,,,
"2024-04-07 04:00:00.0000",10.23,63.12,2.58898663520813,11.8525199890137,24.184398651123
"2024-04-07 04:05:14.0000",,,,,
"2024-04-07 04:10:00.0000",10.35,61.83,2.72020578384399,12.0761966705322,24.6359519958496
"2024-04-07 04:20:00.0000",10.27,62,3.00579428672791,12.892147064209,26.5385208129883
"2024-04-07 04:22:44.0000",,,,,
"2024-04-07 04:30:00.0000",10.17,62.67,3.23831486701965,15.861870765686,32.3087692260742
"2024-04-07 04:40:00.0000",10.08,64.07,3.32962894439697,14.993353843689,32.9150924682617
"2024-04-07 04:50:00.0000",10.04,64.98,3.71773409843445,16.6498031616211,35.1395530700684
"2024-04-07 04:40:14.0000",,,,,
"2024-04-07 05:00:00.0000",9.99,65.63,3.59912514686584,13.974799156189,23.3280696868896
"2024-04-07 04:58:44.0000",,,,,
"2024-04-07 05:20:00.0000",9.47,70.25,3.32272052764893,16.8170967102051,35.4816818237305
"2024-04-07 05:10:00.0000",9.69,68.22,3.79583477973938,16.9856739044189,37.357307434082
"2024-04-07 05:15:14.0000",,,,,
"2024-04-07 05:30:00.0000",9.25,73.33,3.18030500411987,16.6175937652588,38.9973907470703
"2024-04-07 05:32:42.0000",,,,,
"2024-04-07 05:50:00.0000",8.78,74.33,1.89283645153046,8.95553874969482,16.3721199035645
"2024-04-07 05:40:00.0000",8.81,74.49,1.68573129177094,6.98179483413696,14.2366495132446
"2024-04-07 05:50:18.0000",,,,,
"2024-04-07 06:00:00.0000",8.84,76.59,2.54977798461914,10.9302139282227,19.4038238525391
"2024-04-07 06:08:47.0000",,,,,
"2024-04-07 06:10:00.0000",8.87,78.18,3.20147132873535,17.3143043518066,33.2454643249512
"2024-04-07 06:20:00.0000",8.92,77.33,3.93606162071228,19.3221950531006,34.1958961486816
"2024-04-07 06:30:00.0000",9.21,77.01,2.33188962936401,10.5219230651855,20.1606369018555
"2024-04-07 06:25:16.0000",,,,,
"2024-04-07 06:40:00.0000",9.24,76.01,1.72938501834869,7.27823781967163,12.6871900558472
"2024-04-07 06:50:00.0000",9.36,75.82,1.50774717330933,6.99361324310303,14.3553085327148
"2024-04-07 06:42:45.0000",,,,,
"2024-04-07 07:00:00.0000",9.61,74.92,1.31645333766937,5.57142162322998,11.590295791626
"2024-04-07 07:00:10.0000",,,,,
"2024-04-07 07:10:00.0000",10.37,71.84,1.55659174919128,7.06800174713135,13.0760469436646
"2024-04-07 07:20:00.0000",11.03,67.57,1.9041041135788,7.88477373123169,16.9692039489746
"2024-04-07 07:18:42.0000",,,,,
"2024-04-07 07:30:00.0000",11.45,63.72,1.67408084869385,7.18815469741821,21.6108455657959
"2024-04-07 07:35:09.0000",,,,,
"2024-04-07 07:40:00.0000",11.62,62.11,2.3630838394165,10.2970085144043,21.242301940918
"2024-04-07 07:50:00.0000",11.72,60.72,2.86430144309998,11.6393394470215,22.2294750213623
"2024-04-07 07:52:44.0000",,,,,
"2024-04-07 08:00:00.0000",11.78,59.71,2.98092722892761,11.6721248626709,21.9788188934326
"2024-04-07 08:10:00.0000",11.78,59.79,2.87598156929016,13.7401361465454,37.4028396606445
"2024-04-07 08:20:00.0000",11.68,60.09,3.40028643608093,14.9551887512207,37.3815231323242
"2024-04-07 08:10:14.0000",,,,,
"2024-04-07 08:30:00.0000",11.77,59.63,2.33026719093323,10.1507301330566,19.8319358825684
"2024-04-07 08:28:39.0000",,,,,
"2024-04-07 08:40:00.0000",11.93,59.96,2.92060017585754,13.0261287689209,27.3423118591309
"2024-04-07 08:50:00.0000",12.07,60.21,3.40437889099121,15.0901708602905,30.40012550354
"2024-04-07 08:45:13.0000",,,,,
"2024-04-07 09:00:00.0000",12.25,59.39,3.0901038646698,14.9377660751343,34.0550994873047
"2024-04-07 09:02:43.0000",,,,,
"2024-04-07 09:10:00.0000",12.42,58.86,3.55296540260315,15.7242965698242,28.1283893585205
"2024-04-07 09:20:00.0000",12.53,56.88,3.19533562660217,13.5615901947021,31.4043140411377
"2024-04-07 09:20:13.0000",,,,,
"2024-04-07 09:30:00.0000",12.59,53.96,2.4641125202179,10.8985176086426,18.3459796905518
"2024-04-07 09:38:37.0000",,,,,
"2024-04-07 09:40:00.0000",12.58,53.37,2.52327704429626,11.2403774261475,26.0748805999756
"2024-04-07 09:50:00.0000",12.76,52.33,2.1308536529541,8.65978622436523,17.800910949707
"2024-04-07 10:00:00.0000",12.88,51.58,2.28242158889771,10.0019435882568,18.1083354949951
"2024-04-07 09:55:11.0000",,,,,
"2024-04-07 10:10:00.0000",13.2,49.4,2.71114158630371,9.77470970153809,15.8711605072021
"2024-04-07 10:20:00.0000",13.42,49.57,2.3059389591217,9.08308029174805,21.6544017791748
"2024-04-07 10:12:42.0000",,,,,
"2024-04-07 10:30:00.0000",13.53,48.75,2.72289490699768,11.1323652267456,27.2078495025635
"2024-04-07 10:30:11.0000",,,,,
"2024-04-07 10:50:00.0000",13.72,49.06,2.45825147628784,10.1583633422852,27.6864185333252
"2024-04-07 10:40:00.0000",13.45,48.82,2.31112337112427,10.5880336761475,23.6218013763428
"2024-04-07 10:48:42.0000",,,,,
"2024-04-07 11:00:00.0000",14.06,49.74,2.35844922065735,9.93288040161133,21.8527889251709
"2024-04-07 11:00:12.0000",,,,,
"2024-04-07 11:05:10.0000",,,,,
"2024-04-07 11:10:00.0000",13.99,49.58,2.56818103790283,9.04296016693115,19.5553112030029
"2024-04-07 11:20:00.0000",14.53,49.07,2.55880951881409,9.71102237701416,17.5974311828613
"2024-04-07 11:22:38.0000",,,,,
"2024-04-07 11:30:00.0000",14.8,48.82,2.4405357837677,9.3738489151001,18.3160533905029
"2024-04-07 11:40:00.0000",14.63,48.77,2.9526162147522,10.7455730438232,21.9289264678955
"2024-04-07 11:50:00.0000",14.63,49.52,2.82190179824829,13.0276279449463,26.8911190032959
"2024-04-07 11:40:10.0000",,,,,
"2024-04-07 12:00:00.0000",14.18,52.7,3.31095862388611,14.053879737854,29.3027172088623
"2024-04-07 11:58:40.0000",,,,,
"2024-04-07 12:10:00.0000",13.73,57.02,3.26551699638367,13.4496507644653,29.719144821167
"2024-04-07 12:20:00.0000",13.35,59.54,2.71458077430725,10.1691207885742,19.7252292633057
"2024-04-07 12:15:13.0000",,,,,
"2024-04-07 12:30:00.0000",13.91,58.02,2.81842637062073,9.83084583282471,17.6040649414062
"2024-04-07 12:32:44.0000",,,,,
"2024-04-07 12:40:00.0000",13.95,57.95,2.51514530181885,9.80771064758301,19.5250129699707
"2024-04-07 12:50:00.0000",13.59,60.77,3.4060640335083,15.1762523651123,44.5538902282715
"2024-04-07 12:50:12.0000",,,,,
"2024-04-07 13:00:00.0000",13.38,63.85,3.28938794136047,14.3873052597046,28.783296585083
"2024-04-07 13:08:38.0000",,,,,
"2024-04-07 13:10:00.0000",13.7,62.01,2.78485918045044,11.0958471298218,19.5664176940918
"2024-04-07 13:20:00.0000",13.68,62.56,2.97334289550781,11.8802719116211,19.2797222137451
"2024-04-07 13:30:00.0000",13.56,62.78,2.3156406879425,9.49692535400391,26.6250705718994
"2024-04-07 13:25:11.0000",,,,,
"2024-04-07 13:40:00.0000",13.7,60.2,2.76113367080688,11.7341232299805,20.7189350128174
"2024-04-07 13:50:00.0000",13.36,61.88,2.61863088607788,10.3050241470337,23.4634914398193
"2024-04-07 13:42:41.0000",,,,,
"2024-04-07 14:00:00.0000",13.09,64.48,2.13025069236755,8.52055358886719,14.0775394439697
"2024-04-07 14:00:15.0000",,,,,
"2024-04-07 14:10:00.0000",12.79,68.19,1.9535973072052,8.63167953491211,16.3647689819336
"2024-04-07 14:20:00.0000",12.49,69.93,1.94058263301849,7.68302965164185,16.6585292816162
"2024-04-07 14:18:43.0000",,,,,
"2024-04-07 14:30:00.0000",12.51,69.95,1.37811982631683,5.3318452835083,10.3186254501343
"2024-04-07 14:35:11.0000",,,,,
"2024-04-07 14:40:00.0000",12.74,69.35,1.08460831642151,3.88675856590271,7.74945211410522
"2024-04-07 14:50:00.0000",13.15,67.63,0.932581722736359,3.82008862495422,8.84046936035156
"2024-04-07 14:52:40.0000",,,,,
"2024-04-07 15:00:00.0000",13.42,65.96,1.13944792747498,4.93589496612549,10.4203424453735
"2024-04-07 15:10:00.0000",13.63,65.65,1.83979856967926,6.58572292327881,16.1995830535889
"2024-04-07 15:20:00.0000",13.89,63.39,2.97503399848938,10.4606065750122,17.9017505645752
"2024-04-07 15:10:09.0000",,,,,
"2024-04-07 15:30:00.0000",14.27,61.05,2.81449365615845,11.3661069869995,19.9094066619873
"2024-04-07 15:28:41.0000",,,,,
"2024-04-07 15:50:00.0000",14.26,56.34,2.0290904045105,7.34048175811768,14.0836696624756
"2024-04-07 15:40:00.0000",14.34,59.04,2.14739155769348,9.54472255706787,20.678035736084
"2024-04-07 15:45:08.0000",,,,,
"2024-04-07 16:00:00.0000",14.62,55.81,2.42429947853088,9.99027729034424,21.0722064971924
"2024-04-07 16:02:38.0000",,,,,
"2024-04-07 16:10:00.0000",14.55,56.13,2.56406378746033,9.33863162994385,16.6715965270996
"2024-04-07 16:20:00.0000",14.79,54.48,2.41725373268127,8.58415508270264,14.8780059814453
"2024-04-07 16:20:12.0000",,,,,
"2024-04-07 16:30:00.0000",14.69,53.86,2.23388648033142,8.18273830413818,14.6254396438599
"2024-04-07 16:38:38.0000",,,,,
"2024-04-07 16:40:00.0000",14.67,54.07,2.26692008972168,8.08489227294922,13.8421058654785
"2024-04-07 16:50:00.0000",14.73,53.4,2.4734218120575,10.4474115371704,20.0095882415771
"2024-04-07 17:00:00.0000",14.37,53.7,2.59410285949707,10.6387729644775,20.0610198974609
"2024-04-07 16:55:13.0000",,,,,
"2024-04-07 17:10:00.0000",14.22,55.57,3.93908166885376,14.2306241989136,37.1008605957031
"2024-04-07 17:12:41.0000",,,,,
"2024-04-07 17:20:00.0000",14.34,55.74,2.97417807579041,12.9701318740845,24.5874824523926
"2024-04-07 17:30:00.0000",14.32,53.9,2.94797396659851,11.1424217224121,19.282865524292
"2024-04-07 17:30:12.0000",,,,,
"2024-04-07 17:40:00.0000",14.63,52.66,2.78277111053467,10.2412242889404,21.1032676696777
"2024-04-07 17:50:00.0000",14.71,50.66,2.83928275108337,11.2231006622314,28.04833984375
"2024-04-07 17:48:43.0000",,,,,
"2024-04-07 18:00:00.0000",14.44,49.82,2.53316187858582,9.98953914642334,19.6774749755859
"2024-04-07 18:05:10.0000",,,,,
"2024-04-07 18:10:00.0000",14.4,51.16,2.66708707809448,10.7636585235596,21.3957748413086
"2024-04-07 18:20:00.0000",14.37,51.55,2.64997124671936,10.7588148117065,24.3286590576172
"2024-04-07 18:22:39.0000",,,,,
"2024-04-07 18:30:00.0000",13.88,50.82,2.48573422431946,10.1453742980957,18.67848777771
"2024-04-07 18:40:00.0000",13.52,53.49,2.72940564155579,10.5865383148193,18.3987674713135
"2024-04-07 18:40:10.0000",,,,,
"2024-04-07 18:50:00.0000",13.35,56.18,2.80269026756287,11.8224477767944,31.8152389526367
"2024-04-07 19:00:00.0000",13.26,55.81,2.56467461585999,10.1430969238281,17.1952018737793
"2024-04-07 19:10:00.0000",13.04,55.93,2.47564339637756,10.0351037979126,18.7712516784668
"2024-04-07 18:58:41.0000",,,,,
"2024-04-07 19:20:00.0000",12.79,58.45,2.61305046081543,11.1902170181274,20.4945430755615
"2024-04-07 19:15:09.0000",,,,,
"2024-04-07 19:30:00.0000",12.67,58.19,2.49704623222351,10.533634185791,20.3819694519043
"2024-04-07 19:32:39.0000",,,,,
"2024-04-07 19:40:00.0000",12.53,59.25,2.69861340522766,11.9082727432251,20.1805763244629
"2024-04-07 19:50:00.0000",12.44,60.12,2.24874186515808,10.2450332641602,22.3744049072266
"2024-04-07 19:50:07.0000",,,,,
"2024-04-07 20:00:00.0000",12.4,59.66,2.49448275566101,11.5255374908447,20.816089630127
"2024-04-07 20:08:35.0000",,,,,
"2024-04-07 20:10:00.0000",12.26,61.71,2.70578789710999,13.6657495498657,27.7274780273438
"2024-04-07 20:20:00.0000",12.2,60.5,2.12060618400574,9.04346752166748,18.7172603607178
"2024-04-07 20:30:00.0000",12.17,59.28,1.76425421237946,7.28704833984375,16.4900226593018
"2024-04-07 20:25:06.0000",,,,,
"2024-04-07 20:40:00.0000",11.99,58.25,1.38238596916199,4.92163515090942,9.05286312103271
"2024-04-07 20:42:36.0000",,,,,
"2024-04-07 20:50:00.0000",11.84,59.1,1.16589033603668,4.64029502868652,10.9149503707886
"2024-04-07 21:00:00.0000",11.61,60.65,1.06076419353485,4.38072395324707,8.49637794494629
"2024-04-07 21:00:06.0000",,,,,
"2024-04-07 21:10:00.0000",11.42,60.51,0.926675498485565,3.98364734649658,8.52908325195312
"2024-04-07 21:20:00.0000",11.27,62.09,0.979547321796417,4.34727191925049,9.8406810760498
"2024-04-07 21:18:32.0000",,,,,
"2024-04-07 21:30:00.0000",11.09,62.75,1.11224067211151,4.99626731872559,12.2291383743286
"2024-04-07 21:35:04.0000",,,,,
"2024-04-07 21:40:00.0000",11.01,63.24,1.14724540710449,4.86249971389771,9.58732318878174
"2024-04-07 21:50:00.0000",10.97,63.58,1.08594405651093,5.33427143096924,12.77610206604
"2024-04-07 21:52:35.0000",,,,,
"2024-04-07 22:00:00.0000",10.99,64.03,1.41328871250153,6.84949922561646,18.8764781951904
"2024-04-07 22:10:00.0000",10.98,63.41,1.44856834411621,6.89688491821289,16.0330619812012
"2024-04-07 22:20:00.0000",10.94,63.74,1.56068503856659,7.41569328308105,16.9504623413086
"2024-04-07 22:10:04.0000",,,,,
"2024-04-07 22:30:00.0000",10.92,62.96,1.509974360466,7.11817741394043,13.6358308792114
"2024-04-07 22:28:35.0000",,,,,
"2024-04-07 22:40:00.0000",10.82,63.37,1.80892169475555,8.11733818054199,17.2050018310547
"2024-04-07 22:50:00.0000",10.78,63.4,1.97487020492554,7.77738428115845,17.4685363769531
"2024-04-07 22:45:04.0000",,,,,
"2024-04-07 23:00:00.0000",10.7,64.12,2.0573673248291,9.97359275817871,20.1825218200684
"2024-04-07 23:02:38.0000",,,,,
"2024-04-07 23:20:00.0000",10.48,65.77,2.06631517410278,8.85541152954102,19.5806274414062
"2024-04-07 23:10:00.0000",10.58,64.91,1.95160639286041,9.75100898742676,19.5834407806396
"2024-04-07 23:20:09.0000",,,,,
"2024-04-07 23:30:00.0000",10.42,66.22,1.97380995750427,9.24199104309082,21.0091228485107
"2024-04-07 23:38:35.0000",,,,,
"2024-04-07 23:40:00.0000",10.4,66.47,1.8393942117691,9.31113815307617,20.5280494689941
"2024-04-07 23:50:00.0000",10.4,66.29,1.96903705596924,9.84119510650635,22.9078636169434
"2024-04-08 00:00:00.0000",10.25,66.09,1.82574546337128,9.35526466369629,21.0120048522949
"2024-04-07 23:55:08.0000",,,,,
"2024-04-08 00:10:00.0000",10.04,65.52,1.69476699829102,8.42784404754639,19.0613822937012
"2024-04-08 00:12:37.0000",,,,,
"2024-04-08 00:20:00.0000",10.01,65.78,1.83180248737335,9.66736507415771,23.595287322998
"2024-04-08 00:30:00.0000",10.11,65.39,1.7297385931015,8.79283809661865,21.8894004821777
"2024-04-08 00:30:07.0000",,,,,
"2024-04-08 00:50:00.0000",10.2,64.8,1.92933511734009,9.28857135772705,21.5702457427979
"2024-04-08 00:40:00.0000",10.21,64.78,1.5279449224472,7.47667169570923,22.0416736602783
"2024-04-08 00:48:33.0000",,,,,
"2024-04-08 01:00:00.0000",10.2,64.76,1.78771090507507,9.72696876525879,25.9023113250732
"2024-04-08 01:05:05.0000",,,,,
"2024-04-08 01:10:00.0000",10.06,64.96,1.66053879261017,7.32335758209229,15.3303937911987
"2024-04-08 01:20:00.0000",9.97,65.97,1.59209275245667,7.16722631454468,17.77659034729
"2024-04-08 01:22:36.0000",,,,,
"2024-04-08 01:30:00.0000",10,65.96,1.42056488990784,7.34020042419434,19.1283702850342
"2024-04-08 01:40:00.0000",10.04,65.71,1.43449306488037,6.6926531791687,13.0762825012207
"2024-04-08 01:50:00.0000",9.92,65.83,1.46049022674561,8.3838005065918,22.3253135681152
"2024-04-08 01:40:06.0000",,,,,
"2024-04-08 02:00:00.0000",9.78,67.32,1.51369094848633,7.76062965393066,20.2231388092041
"2024-04-08 01:58:37.0000",,,,,
"2024-04-08 02:10:00.0000",9.68,67.59,1.46494817733765,7.45134210586548,21.4877948760986
"2024-04-08 02:20:00.0000",9.68,68.08,1.64705622196198,8.74452972412109,18.4702167510986
"2024-04-08 02:15:05.0000",,,,,
"2024-04-08 02:30:00.0000",9.73,68.62,1.76358091831207,8.26570510864258,21.8603610992432
"2024-04-08 02:32:33.0000",,,,,
"2024-04-08 02:50:00.0000",9.78,69.09,1.54896080493927,8.46156597137451,20.8724269866943
"2024-04-08 02:40:00.0000",9.79,69.28,1.82236909866333,9.00652694702148,24.7075500488281
"2024-04-08 02:50:05.0000",,,,,
"2024-04-08 03:00:00.0000",9.85,69.19,1.36368465423584,5.34746122360229,11.0484476089478
"2024-04-08 03:08:35.0000",,,,,
"2024-04-08 03:10:00.0000",9.86,70.64,1.69520616531372,8.1379280090332,21.7254524230957
"2024-04-08 03:20:00.0000",9.88,70.87,1.72660899162292,7.88831520080566,30.0226154327393
"2024-04-08 03:30:00.0000",9.88,71.59,2.15325117111206,9.83610725402832,28.9687995910645
"2024-04-08 03:25:09.0000",,,,,
"2024-04-08 03:40:00.0000",9.82,70.78,1.9845780134201,9.59357833862305,26.0877208709717
"2024-04-08 03:50:00.0000",9.78,71.46,2.04526495933533,9.63313674926758,23.9358959197998
"2024-04-08 03:42:37.0000",,,,,
"2024-04-08 04:00:00.0000",9.73,71.36,2.56904816627502,12.8489694595337,30.287712097168
"2024-04-08 04:00:07.0000",,,,,
"2024-04-08 04:20:00.0000",9.62,75.07,2.58124828338623,14.3492393493652,28.4545230865479
"2024-04-08 04:10:00.0000",9.68,72.95,2.41463899612427,10.9872531890869,19.762035369873
"2024-04-08 04:18:34.0000",,,,,
"2024-04-08 04:30:00.0000",9.5,75.15,2.54162764549255,14.2231559753418,33.3979530334473
"2024-04-08 04:35:06.0000",,,,,
"2024-04-08 04:40:00.0000",9.43,76.19,2.80861210823059,15.1732759475708,33.856315612793
"2024-04-08 04:50:00.0000",9.43,77.22,3.14485311508179,16.7903919219971,36.2607307434082
"2024-04-08 04:52:36.0000",,,,,
"2024-04-08 05:00:00.0000",9.45,78.09,2.95451974868774,16.9713306427002,33.0927047729492
"2024-04-08 05:10:00.0000",9.46,78.72,3.02712202072144,16.7718639373779,36.9948997497559
"2024-04-08 05:20:00.0000",9.44,79.09,3.11666488647461,16.3654766082764,33.525634765625
"2024-04-08 05:10:06.0000",,,,,
"2024-04-08 05:30:00.0000",9.48,79.47,3.12172770500183,17.6327209472656,35.3234062194824
"2024-04-08 05:28:36.0000",,,,,
"2024-04-08 05:40:00.0000",9.51,79.93,3.09088587760925,18.3216915130615,40.4309272766113
"2024-04-08 05:50:00.0000",9.56,80.32,3.34445953369141,17.9021911621094,39.0857696533203
"2024-04-08 05:45:05.0000",,,,,
"2024-04-08 06:00:00.0000",9.54,80.61,3.23763990402222,16.4236259460449,33.7860832214355
"2024-04-08 06:02:35.0000",,,,,
"2024-04-08 06:10:00.0000",9.61,80.84,3.48760509490967,18.2786197662354,42.9308891296387
"2024-04-08 06:20:00.0000",9.61,81.2,3.55586957931519,19.9622688293457,42.5082855224609
"2024-04-08 06:20:11.0000",,,,,
"2024-04-08 06:30:00.0000",9.69,81.64,3.70186281204224,17.5114974975586,33.8126525878906
"2024-04-08 06:38:35.0000",,,,,
"2024-04-08 06:40:00.0000",9.73,81.95,3.59827208518982,17.1594123840332,41.0671577453613
"2024-04-08 06:50:00.0000",9.75,82.36,3.69414591789246,18.2381801605225,40.7451286315918
"2024-04-08 07:00:00.0000",9.73,82.92,3.6151442527771,17.9744205474854,41.2401809692383
"2024-04-08 06:55:03.0000",,,,,
"2024-04-08 07:10:00.0000",9.79,83.27,3.6129994392395,16.1248569488525,39.3562660217285
"2024-04-08 07:20:00.0000",9.93,83.21,3.34514856338501,13.3287715911865,25.0649299621582
"2024-04-08 07:12:33.0000",,,,,
"2024-04-08 07:30:00.0000",10.06,83.14,3.08585166931152,12.755331993103,26.4767875671387
"2024-04-08 07:30:14.0000",,,,,
"2024-04-08 07:40:00.0000",10.13,83.13,2.86295795440674,12.6846981048584,24.1663112640381
"2024-04-08 07:50:00.0000",10.21,83.17,2.23949551582336,9.6946496963501,21.3414268493652
"2024-04-08 07:48:33.0000",,,,,
"2024-04-08 08:00:00.0000",10.35,82.84,2.6198103427887,9.40194034576416,16.9833011627197
"2024-04-08 08:05:07.0000",,,,,
"2024-04-08 08:10:00.0000",10.39,82.89,2.29740357398987,8.20643997192383,17.8201026916504
"2024-04-08 08:20:00.0000",10.48,82.97,2.22938013076782,8.11838150024414,17.418514251709
"2024-04-08 08:22:36.0000",,,,,
"2024-04-08 08:40:00.0000",10.91,82.8,2.19829297065735,7.54214429855347,23.4578247070312
"2024-04-08 08:30:00.0000",10.76,82.92,2.50793290138245,8.6599588394165,20.8924102783203
"2024-04-08 08:40:05.0000",,,,,
"2024-04-08 08:50:00.0000",11.08,82.73,1.99638545513153,7.35527086257935,14.1764116287231
"2024-04-08 09:00:00.0000",11.24,82.59,1.98878788948059,6.70470333099365,17.2046909332275
"2024-04-08 08:58:30.0000",,,,,
"2024-04-08 09:20:00.0000",11.54,82.05,2.13000655174255,9.46678638458252,25.6811847686768
"2024-04-08 09:10:00.0000",11.34,82.3,2.31160068511963,9.31033802032471,24.1032524108887
"2024-04-08 09:15:00.0000",,,,,
"2024-04-08 09:30:00.0000",11.91,81.86,2.41687345504761,9.05080986022949,19.7670516967773
"2024-04-08 09:40:00.0000",12.26,81.46,2.10245108604431,9.06006050109863,23.9734439849854
"2024-04-08 09:32:33.0000",,,,,
"2024-04-08 09:50:00.0000",12.53,79.79,2.17246961593628,10.7388410568237,21.1670932769775
"2024-04-08 09:50:04.0000",,,,,
"2024-04-08 10:00:00.0000",12.79,78.97,2.25886034965515,10.1908054351807,22.9468765258789
"2024-04-08 10:08:30.0000",,,,,
"2024-04-08 10:10:00.0000",13.06,77.23,2.25532865524292,10.4427652359009,20.7024517059326
"2024-04-08 10:20:00.0000",13.46,76.54,2.58482837677002,12.6861267089844,26.7345581054688
"2024-04-08 10:30:00.0000",13.61,75.33,3.03325366973877,14.7404022216797,31.5125904083252
"2024-04-08 10:25:04.0000",,,,,
"2024-04-08 10:40:00.0000",13.76,73.88,3.02071905136108,15.2633123397827,42.8637237548828
"2024-04-08 10:50:00.0000",14.28,72.46,3.0131938457489,15.2007360458374,36.3847045898438
"2024-04-08 10:42:32.0000",,,,,
"2024-04-08 11:00:00.0000",14.98,68.92,2.70817470550537,12.6171207427979,31.3732318878174
"2024-04-08 11:00:24.0000",,,,,
"2024-04-08 11:00:03.0000",,,,,
"2024-04-08 11:10:00.0000",15.46,67.17,3.2579653263092,16.3716144561768,36.7255859375
"2024-04-08 11:20:00.0000",15.26,65.62,3.24395179748535,14.4391918182373,36.3312911987305
"2024-04-08 11:18:29.0000",,,,,
"2024-04-08 11:30:00.0000",15.29,64.3,2.83302974700928,13.9203443527222,33.0474891662598
"2024-04-08 11:35:01.0000",,,,,
"2024-04-08 11:40:00.0000",15.32,64.17,3.27639937400818,16.3781661987305,53.037181854248
"2024-04-08 11:50:00.0000",15.26,60.88,3.06014084815979,17.0160102844238,44.0587043762207
"2024-04-08 11:52:32.0000",,,,,
"2024-04-08 12:10:00.0000",15.26,58.98,2.65103626251221,12.9716987609863,31.6480579376221
"2024-04-08 12:00:00.0000",15.28,60.47,3.05157589912415,14.3013114929199,42.4215393066406
"2024-04-08 12:20:00.0000",15.47,59.37,2.95773363113403,14.8918123245239,37.3507499694824
"2024-04-08 12:30:00.0000",15.12,57.54,2.72971677780151,11.4124317169189,27.7495498657227
"2024-04-08 12:28:31.0000",,,,,
"2024-04-08 12:40:00.0000",14.79,57.67,2.67124700546265,12.8257026672363,29.6039161682129
"2024-04-08 12:50:00.0000",14.76,58.11,2.60041189193726,10.9647216796875,26.4461193084717
"2024-04-08 12:45:01.0000",,,,,
"2024-04-08 13:00:00.0000",14.43,57.95,2.46041679382324,12.5571298599243,33.9344100952148
"2024-04-08 13:02:29.0000",,,,,
"2024-04-08 13:20:00.0000",14.66,58.05,2.63869905471802,11.9074058532715,32.563419342041
"2024-04-08 13:10:00.0000",14.66,59.07,2.58719778060913,11.6484069824219,26.0324440002441
"2024-04-08 13:19:59.0000",,,,,
"2024-04-08 13:30:00.0000",14.47,60.16,2.202143907547,10.0199298858643,24.9991283416748
"2024-04-08 13:38:31.0000",,,,,
"2024-04-08 13:40:00.0000",14.19,59.91,2.16348218917847,10.2491159439087,27.8082733154297
"2024-04-08 13:50:00.0000",14.05,61.42,2.045006275177,9.40969181060791,18.6319026947021
"2024-04-08 14:00:00.0000",13.84,62.72,2.25720930099487,9.63939762115479,20.8313598632812
"2024-04-08 13:55:03.0000",,,,,
"2024-04-08 14:10:00.0000",13.67,63.7,2.48500323295593,12.4868974685669,30.8791942596436
"2024-04-08 14:12:33.0000",,,,,
"2024-04-08 14:20:00.0000",13.64,64.93,2.29662013053894,11.66321849823,24.1289215087891
"2024-04-08 14:30:00.0000",13.58,66.71,2.53986501693726,11.5745391845703,23.5260467529297
"2024-04-08 14:30:02.0000",,,,,
"2024-04-08 14:40:00.0000",13.53,67.45,2.53825378417969,11.4519653320312,31.5606575012207
"2024-04-08 14:50:00.0000",13.53,67.88,2.65457916259766,12.634913444519,31.9813861846924
"2024-04-08 14:48:29.0000",,,,,
"2024-04-08 15:00:00.0000",13.36,68.55,2.53459763526917,13.2441711425781,35.4964790344238
"2024-04-08 15:05:03.0000",,,,,
"2024-04-08 15:10:00.0000",13.34,68.83,2.35802316665649,11.6000881195068,25.4409236907959
"2024-04-08 15:20:00.0000",13.43,69.21,2.58538031578064,12.8016328811646,28.852575302124
"2024-04-08 15:22:32.0000",,,,,
"2024-04-08 15:30:00.0000",13.7,68.87,2.25678944587708,10.3524684906006,24.8626346588135
"2024-04-08 15:40:00.0000",13.83,68.3,2.28456687927246,11.698431968689,29.9013729095459
"2024-04-08 15:50:00.0000",13.88,66.89,2.37802839279175,10.7758951187134,23.2548885345459
"2024-04-08 15:40:01.0000",,,,,
"2024-04-08 16:00:00.0000",13.93,66.14,2.31547117233276,9.96283626556396,17.3101654052734
"2024-04-08 15:58:32.0000",,,,,
"2024-04-08 16:10:00.0000",14.21,64.44,2.20174431800842,9.11965751647949,22.8889999389648
"2024-04-08 16:20:00.0000",14.38,62.53,1.81940746307373,8.29128932952881,18.2760276794434
"2024-04-08 16:15:00.0000",,,,,
"2024-04-08 16:30:00.0000",14.36,61.99,1.97389817237854,9.18812847137451,25.212366104126
"2024-04-08 16:32:30.0000",,,,,
"2024-04-08 16:40:00.0000",14.28,62.4,2.1409637928009,8.16380882263184,23.3087577819824
"2024-04-08 16:50:00.0000",14.31,62.49,2.11855888366699,9.14138126373291,19.3782749176025
"2024-04-08 16:49:59.0000",,,,,
"2024-04-08 17:00:00.0000",14.27,61.48,1.98271715641022,8.72932720184326,19.7898426055908
"2024-04-08 17:08:29.0000",,,,,
"2024-04-08 17:10:00.0000",14.19,61.01,1.93972957134247,8.37630558013916,20.4758758544922
"2024-04-08 17:20:00.0000",14.22,61.03,1.90152049064636,8.08256340026855,15.7242736816406
"2024-04-08 17:30:00.0000",14.23,60.73,1.91157698631287,8.74856472015381,18.4240550994873
"2024-04-08 17:24:59.0000",,,,,
"2024-04-08 17:40:00.0000",14.3,60.62,1.88536334037781,8.11323928833008,15.6750040054321
"2024-04-08 17:50:00.0000",14.37,60.58,1.85308766365051,7.75249814987183,17.9465370178223
"2024-04-08 17:42:29.0000",,,,,
"2024-04-08 18:00:00.0000",14.36,60.56,2.06740546226501,8.78545951843262,27.88547706604
"2024-04-08 18:00:03.0000",,,,,
"2024-04-08 18:20:00.0000",14.23,60.8,2.70633316040039,8.08627223968506,14.6458301544189
"2024-04-08 18:10:00.0000",14.29,60.24,2.05609941482544,8.22841548919678,21.1894359588623
"2024-04-08 18:18:29.0000",,,,,
"2024-04-08 18:30:00.0000",14.19,60.78,2.04339528083801,7.74806261062622,20.9838714599609
"2024-04-08 18:35:03.0000",,,,,
"2024-04-08 18:40:00.0000",14.1,60.75,1.79086577892303,7.58270406723022,19.1566772460938
"2024-04-08 18:50:00.0000",14.05,60.82,1.95252430438995,8.09665012359619,18.911190032959
"2024-04-08 18:52:33.0000",,,,,
"2024-04-08 19:10:00.0000",13.89,60.99,2.00092625617981,7.86743497848511,25.9457111358643
"2024-04-08 19:00:00.0000",13.97,60.95,1.94580507278442,9.23377990722656,22.3217182159424
"2024-04-08 19:10:01.0000",,,,,
"2024-04-08 19:20:00.0000",13.88,60.62,1.96610951423645,8.44916915893555,19.2562637329102
"2024-04-08 19:30:00.0000",13.82,61.06,1.98572683334351,7.33757209777832,14.6464166641235
"2024-04-08 19:28:31.0000",,,,,
"2024-04-08 19:50:00.0000",13.72,60.84,2.20622873306274,8.8643741607666,18.261754989624
"2024-04-08 19:40:00.0000",13.76,61.16,26.3543872833252,38.304557800293,53.2186546325684
"2024-04-08 19:45:01.0000",,,,,
"2024-04-08 20:00:00.0000",13.73,60.79,2.20704364776611,8.74032592773438,30.9524402618408
"2024-04-08 20:02:29.0000",,,,,
"2024-04-08 20:10:00.0000",13.69,60.88,2.22006916999817,9.32629680633545,24.0315570831299
"2024-04-08 20:20:00.0000",13.62,61.14,1.93804228305817,8.19812679290771,32.7594146728516
"2024-04-08 20:30:00.0000",13.6,61.51,2.0183892250061,9.23246288299561,25.252721786499
"2024-04-08 20:38:30.0000",,,,,
"2024-04-08 20:40:00.0000",13.62,61.95,1.8563152551651,7.30769443511963,13.3352708816528
"2024-04-08 20:50:00.0000",13.59,62.09,2.09016513824463,8.76566219329834,20.0057926177979
"2024-04-08 21:00:00.0000",13.54,62.75,2.08219718933105,8.45643615722656,17.7329483032227
"2024-04-08 20:54:59.0000",,,,,
"2024-04-08 21:10:00.0000",13.41,63.94,2.26507782936096,9.4255256652832,21.2657222747803
"2024-04-08 21:12:29.0000",,,,,
"2024-04-08 21:20:00.0000",13.04,67.42,2.69477510452271,12.0958728790283,30.7937755584717
"2024-04-08 21:30:00.0000",12.2,70.88,2.45558738708496,13.081768989563,31.0960960388184
"2024-04-08 21:29:59.0000",,,,,
"2024-04-08 21:40:00.0000",11.76,74.28,2.96919727325439,13.9694128036499,27.9016227722168
"2024-04-08 21:50:00.0000",11.48,76.59,2.81381011009216,12.5306549072266,22.1551780700684
"2024-04-08 21:48:28.0000",,,,,
"2024-04-08 22:00:00.0000",11.45,77.14,2.53906416893005,10.3163452148438,18.2121543884277
"2024-04-08 22:04:58.0000",,,,,
"2024-04-08 22:10:00.0000",11.37,77.76,2.72665166854858,12.2171974182129,24.5439128875732
"2024-04-08 22:20:00.0000",11.35,78.26,3.49608755111694,13.068959236145,22.9905548095703
"2024-04-08 22:22:26.0000",,,,,
"2024-04-08 22:30:00.0000",11.39,78.82,3.53170990943909,13.1333112716675,26.8677997589111
"2024-04-08 22:40:00.0000",11.41,79.73,3.61473107337952,14.1909675598145,30.9996204376221
"2024-04-08 22:39:57.0000",,,,,
"2024-04-08 22:50:00.0000",11.39,80.24,3.33309388160706,10.4202499389648,17.7706432342529
"2024-04-08 23:00:00.0000",11.36,80.48,4.15203237533569,14.829475402832,28.8677024841309
"2024-04-08 22:58:24.0000",,,,,
"2024-04-08 23:10:00.0000",11.31,80.98,4.30598497390747,15.2679767608643,28.4390811920166
"2024-04-08 23:20:00.0000",11.34,81.27,4.57212448120117,15.3985395431519,27.7910270690918
"2024-04-08 23:14:56.0000",,,,,
"2024-04-08 23:30:00.0000",11.32,81.72,4.4974513053894,14.8776950836182,27.7613544464111
"2024-04-08 23:32:25.0000",,,,,
"2024-04-08 23:40:00.0000",11.28,82.44,4.92911958694458,17.5843753814697,45.7690582275391
"2024-04-08 23:50:00.0000",11.27,82.8,5.55013561248779,17.357063293457,34.901683807373
"2024-04-08 23:49:55.0000",,,,,
"2024-04-09 00:00:00.0000",11.26,83.25,6.42658567428589,18.5999011993408,35.5153846740723
"2024-04-09 00:08:25.0000",,,,,
"2024-04-09 00:10:00.0000",11.27,83.31,6.75757217407227,18.2936515808105,33.9711685180664
"2024-04-09 00:20:00.0000",11.32,83.26,7.11490631103516,18.8345413208008,34.3501510620117
"2024-04-09 00:30:00.0000",11.34,83.65,6.80727338790894,15.2957878112793,25.610818862915
"2024-04-09 00:24:55.0000",,,,,
"2024-04-09 00:40:00.0000",11.36,83.47,5.43941497802734,12.8833303451538,21.3559169769287
"2024-04-09 00:42:29.0000",,,,,
"2024-04-09 00:50:00.0000",11.31,84.05,4.88564538955688,14.1981630325317,25.2067012786865
"2024-04-09 01:00:00.0000",11.21,83.22,3.76581764221191,12.1058750152588,25.6838989257812
"2024-04-09 00:59:59.0000",,,,,
"2024-04-09 01:10:00.0000",11.14,82.98,3.54806137084961,12.0816745758057,33.4958305358887
"2024-04-09 01:20:00.0000",11.09,82.3,3.48794364929199,11.4788360595703,21.2933769226074
"2024-04-09 01:18:25.0000",,,,,
"2024-04-09 01:30:00.0000",10.72,81.35,2.01881718635559,9.2798490524292,21.4044151306152
"2024-04-09 01:34:57.0000",,,,,
"2024-04-09 01:40:00.0000",10.41,77.4,1.8898206949234,10.2371740341187,25.8865909576416
"2024-04-09 01:50:00.0000",10.19,75.03,2.08514308929443,10.1887817382812,21.7513160705566
"2024-04-09 01:52:27.0000",,,,,
"2024-04-09 02:00:00.0000",10.08,75.47,2.0774519443512,10.658992767334,27.6549053192139
"2024-04-09 02:10:00.0000",10.05,76.24,2.03110337257385,10.3137998580933,24.7458953857422
"2024-04-09 02:09:57.0000",,,,,
"2024-04-09 02:20:00.0000",9.8,74.95,2.14372301101685,9.69120216369629,20.6480236053467
"2024-04-09 02:30:00.0000",9.73,74.88,2.15593671798706,10.9386749267578,32.083194732666
"2024-04-09 02:28:24.0000",,,,,
"2024-04-09 02:40:00.0000",9.64,74.85,2.07779026031494,11.4625043869019,37.0377960205078
"2024-04-09 02:50:00.0000",9.67,74.4,2.14795112609863,10.9691724777222,25.7890377044678
"2024-04-09 02:44:56.0000",,,,,
"2024-04-09 03:00:00.0000",9.61,74.13,2.11625981330872,10.3438768386841,31.5455455780029
"2024-04-09 03:02:27.0000",,,,,
"2024-04-09 03:10:00.0000",9.46,73.86,2.06787776947021,11.7058486938477,30.8778896331787
"2024-04-09 03:20:00.0000",9.3,73.54,2.27987790107727,10.2933826446533,31.2421035766602
"2024-04-09 03:19:55.0000",,,,,
"2024-04-09 03:30:00.0000",9.14,73.63,1.89362955093384,9.99306869506836,35.622386932373
"2024-04-09 03:38:26.0000",,,,,
"2024-04-09 03:40:00.0000",9.02,74.1,2.25428318977356,11.5154285430908,38.6281547546387
"2024-04-09 03:50:00.0000",8.91,74.43,2.37951397895813,11.5037021636963,29.6509075164795
"2024-04-09 04:00:00.0000",8.88,75.24,2.2309091091156,10.5564603805542,31.3813056945801
"2024-04-09 03:54:53.0000",,,,,
"2024-04-09 04:10:00.0000",8.84,75.54,2.24114632606506,12.9108972549438,40.4219512939453
"2024-04-09 04:12:24.0000",,,,,
"2024-04-09 04:20:00.0000",8.79,74.99,2.36186504364014,11.5518655776978,32.4863586425781
"2024-04-09 04:30:00.0000",8.71,75.38,2.23790216445923,11.5109186172485,28.1802024841309
"2024-04-09 04:29:54.0000",,,,,
"2024-04-09 04:40:00.0000",8.63,75.05,2.30170559883118,11.745002746582,38.8873710632324
"2024-04-09 04:50:00.0000",8.59,75.13,2.20868945121765,11.8491792678833,45.3100852966309
"2024-04-09 04:48:24.0000",,,,,
"2024-04-09 05:00:00.0000",8.61,75.4,2.18344807624817,9.02850532531738,15.7083921432495
"2024-04-09 05:04:58.0000",,,,,
"2024-04-09 05:10:00.0000",8.65,75.69,2.24346852302551,8.5030632019043,15.3371667861938
"2024-04-09 05:20:00.0000",8.71,75.74,2.33907127380371,11.7798500061035,38.6192016601562
"2024-04-09 05:22:29.0000",,,,,
"2024-04-09 05:30:00.0000",8.73,75.76,2.39459490776062,11.6830902099609,33.2846984863281
"2024-04-09 05:40:00.0000",8.77,75.83,2.14294171333313,10.7501029968262,40.7366371154785
"2024-04-09 05:39:57.0000",,,,,
"2024-04-09 05:50:00.0000",8.84,76.12,2.47419953346252,12.0533962249756,30.5238876342773
"2024-04-09 06:00:00.0000",8.86,76.48,2.4633150100708,11.2762308120728,25.5266227722168
"2024-04-09 05:58:23.0000",,,,,
"2024-04-09 06:10:00.0000",8.69,79.11,2.23843884468079,15.1456928253174,44.8595428466797
"2024-04-09 06:20:00.0000",8.42,80.04,2.60245728492737,13.2794923782349,29.0908584594727
"2024-04-09 06:14:55.0000",,,,,
"2024-04-09 06:30:00.0000",8.24,80.77,2.36756062507629,14.0629510879517,34.8090667724609
"2024-04-09 06:32:25.0000",,,,,
"2024-04-09 06:50:00.0000",7.73,82.6,4.02215385437012,26.5781211853027,73.619987487793
"2024-04-09 06:40:00.0000",7.96,80.9,3.48863339424133,20.8896770477295,62.7240943908691
"2024-04-09 06:49:56.0000",,,,,
"2024-04-09 07:00:00.0000",7.54,83.18,4.19545698165894,27.8723907470703,88.5743255615234
"2024-04-09 07:08:28.0000",,,,,
"2024-04-09 07:10:00.0000",7.48,84.65,4.54150819778442,30.7973670959473,103.248352050781
"2024-04-09 07:20:00.0000",7.33,84.75,4.33927631378174,27.6411819458008,104.371170043945
"2024-04-09 07:30:00.0000",7.25,85.07,4.0198860168457,25.9184703826904,68.171012878418
"2024-04-09 07:24:55.0000",,,,,
"2024-04-09 07:40:00.0000",7.26,85.18,3.3973925113678,23.676326751709,78.3346786499023
"2024-04-09 07:50:00.0000",7.15,84.5,3.2884738445282,22.8144474029541,71.0347671508789
"2024-04-09 07:42:24.0000",,,,,
"2024-04-09 08:00:00.0000",6.99,84.31,2.4109423160553,16.3192024230957,57.1064872741699
"2024-04-09 07:59:54.0000",,,,,
"2024-04-09 08:20:00.0000",6.99,82.67,2.56343579292297,16.8607425689697,65.3218002319336
"2024-04-09 08:10:00.0000",6.87,82.64,2.19679546356201,14.5485000610352,46.5688629150391
"2024-04-09 08:18:25.0000",,,,,
"2024-04-09 08:30:00.0000",7.03,82.05,2.55531215667725,17.9812278747559,57.2362594604492
"2024-04-09 08:34:53.0000",,,,,
"2024-04-09 08:40:00.0000",7.12,83.25,2.78120970726013,16.5978393554688,69.4861907958984
"2024-04-09 08:50:00.0000",7.14,83.1,1.9686439037323,13.9008684158325,49.5197639465332
"2024-04-09 08:52:23.0000",,,,,
"2024-04-09 09:00:00.0000",7.14,82.42,1.85476303100586,10.5283632278442,35.1855125427246
"2024-04-09 09:10:00.0000",7.17,82.12,2.24015212059021,14.6765117645264,56.7529716491699
"2024-04-09 09:09:58.0000",,,,,
"2024-04-09 09:20:00.0000",7.27,83.21,2.20151567459106,15.6098747253418,55.386833190918
"2024-04-09 09:30:00.0000",7.32,84.07,2.46312642097473,18.6519565582275,87.8166122436523
"2024-04-09 09:40:00.0000",7.37,85.8,2.33705973625183,17.5892658233643,66.2902221679688
"2024-04-09 09:28:24.0000",,,,,
"2024-04-09 09:50:00.0000",7.39,86.19,2.78049302101135,21.8057384490967,82.3766250610352
"2024-04-09 09:44:58.0000",,,,,
"2024-04-09 10:00:00.0000",7.55,85.03,3.1316454410553,23.8055515289307,82.0906143188477
"2024-04-09 10:10:00.0000",7.79,86.53,3.98097825050354,26.0342979431152,78.9142227172852
"2024-04-09 10:02:25.0000",,,,,
"2024-04-09 10:20:00.0000",7.82,86.67,4.80079174041748,35.8462028503418,108.777191162109
"2024-04-09 10:19:55.0000",,,,,
"2024-04-09 10:30:00.0000",7.73,86.76,3.22425103187561,22.2303504943848,57.4499549865723
"2024-04-09 10:40:00.0000",7.7,86.66,4.29438400268555,25.996467590332,75.3027725219727
"2024-04-09 10:38:27.0000",,,,,
"2024-04-09 11:00:00.0000",7.71,85.18,3.69983243942261,21.3255004882812,54.8767585754395
"2024-04-09 10:50:00.0000",7.71,85.56,4.77093029022217,29.2496185302734,72.8951187133789
"2024-04-09 10:54:55.0000",,,,,
"2024-04-09 10:59:51.0000",,,,,
"2024-04-09 11:10:00.0000",7.72,85.67,4.81255626678467,27.8756160736084,91.6051940917969
"2024-04-09 11:12:25.0000",,,,,
"2024-04-09 11:20:00.0000",7.69,84.65,4.26967859268188,22.7150821685791,52.0255813598633
"2024-04-09 11:30:00.0000",7.7,84.14,5.46755647659302,25.8177337646484,70.840202331543
"2024-04-09 11:29:55.0000",,,,,
"2024-04-09 11:40:00.0000",7.72,85.48,6.53128528594971,29.4161014556885,67.1762924194336
"2024-04-09 11:50:00.0000",7.79,84.05,5.63844537734985,24.0720844268799,54.027042388916
"2024-04-09 11:48:21.0000",,,,,
"2024-04-09 12:10:00.0000",8.04,82.33,5.16646718978882,22.7670707702637,65.4255523681641
"2024-04-09 12:00:00.0000",7.75,83.91,5.88177394866943,25.307825088501,59.2471809387207
"2024-04-09 12:04:54.0000",,,,,
"2024-04-09 12:20:00.0000",8.45,80.22,5.66329050064087,22.7548828125,49.4954833984375
"2024-04-09 12:22:24.0000",,,,,
"2024-04-09 12:30:00.0000",8.68,78.53,3.77787375450134,14.3319320678711,27.731502532959
"2024-04-09 12:40:00.0000",9.04,76.51,3.99149394035339,15.700909614563,34.2218360900879
"2024-04-09 12:39:54.0000",,,,,
"2024-04-09 12:50:00.0000",9.12,74.46,3.83688879013062,14.7097139358521,26.7106380462646
"2024-04-09 12:58:20.0000",,,,,
"2024-04-09 13:00:00.0000",9.23,73.13,3.8003032207489,14.5828170776367,29.5467777252197
"2024-04-09 13:10:00.0000",9.38,72.26,4.39294576644897,18.3043441772461,42.7106056213379
"2024-04-09 13:20:00.0000",9.43,73.22,4.52558660507202,18.0033264160156,45.1887321472168
"2024-04-09 13:14:52.0000",,,,,
"2024-04-09 13:30:00.0000",9.57,72.09,4.75857162475586,19.548641204834,41.6714172363281
"2024-04-09 13:40:00.0000",9.62,70.88,3.58817458152771,14.9056243896484,36.7099571228027
"2024-04-09 13:32:22.0000",,,,,
"2024-04-09 13:50:00.0000",9.99,69.62,2.80338358879089,11.7118015289307,27.1128787994385
"2024-04-09 13:49:52.0000",,,,,
"2024-04-09 14:10:00.0000",10.78,66.71,3.37713599205017,11.6365261077881,24.4214477539062
"2024-04-09 14:00:00.0000",10.56,68.39,3.86107444763184,15.004487991333,29.2808876037598
"2024-04-09 14:08:21.0000",,,,,
"2024-04-09 14:20:00.0000",10.54,67.09,3.12280678749084,12.0916156768799,22.6206855773926
"2024-04-09 14:24:51.0000",,,,,
"2024-04-09 14:30:00.0000",10.51,67.46,3.03022718429565,13.2474536895752,29.8173732757568
"2024-04-09 14:40:00.0000",10.55,66.03,3.45586538314819,13.769585609436,33.8283157348633
"2024-04-09 14:42:20.0000",,,,,
"2024-04-09 14:50:00.0000",10.72,66.34,3.84517216682434,16.4096775054932,51.3304061889648
"2024-04-09 15:00:00.0000",11.13,65.4,3.97174763679504,15.5978145599365,30.1038055419922
"2024-04-09 15:10:00.0000",10.74,66.14,3.49577355384827,13.8119716644287,30.6220302581787
"2024-04-09 14:59:50.0000",,,,,
"2024-04-09 15:20:00.0000",10.4,65.23,2.81812405586243,12.4463930130005,30.8619060516357
"2024-04-09 15:18:21.0000",,,,,
"2024-04-09 15:40:00.0000",10.48,66.12,3.14078187942505,12.7603931427002,34.4980697631836
"2024-04-09 15:30:00.0000",10.37,65.86,3.58173847198486,13.5289440155029,30.8157043457031
"2024-04-09 15:34:55.0000",,,,,
"2024-04-09 15:50:00.0000",10.36,67.46,3.43710017204285,13.8129949569702,30.5080471038818
"2024-04-09 15:52:23.0000",,,,,
"2024-04-09 16:00:00.0000",10.21,66.86,3.30328154563904,13.2043952941895,26.0019950866699
"2024-04-09 16:10:00.0000",9.26,71.4,3.11086750030518,13.617226600647,26.7681484222412
"2024-04-09 16:09:53.0000",,,,,
"2024-04-09 16:20:00.0000",9.33,72.5,3.23704981803894,14.5611944198608,41.4869155883789
"2024-04-09 16:28:20.0000",,,,,
"2024-04-09 16:30:00.0000",9.83,71.65,3.63645148277283,17.9744739532471,55.4004783630371
"2024-04-09 16:40:00.0000",10.34,69.71,2.91793251037598,13.3673820495605,34.8025245666504
"2024-04-09 16:50:00.0000",10.7,65.86,2.48332571983337,10.5414724349976,28.8165626525879
"2024-04-09 16:44:51.0000",,,,,
"2024-04-09 17:00:00.0000",10.69,63.99,2.84093570709229,11.2578220367432,32.3809013366699
"2024-04-09 17:02:22.0000",,,,,
"2024-04-09 17:10:00.0000",11.02,64.64,2.83917570114136,13.2654790878296,35.1024398803711
"2024-04-09 17:20:00.0000",10.94,63.16,2.55893516540527,12.4568309783936,32.692813873291
"2024-04-09 17:19:51.0000",,,,,
"2024-04-09 17:30:00.0000",10.92,61.93,2.48455905914307,11.2167081832886,22.8827419281006
"2024-04-09 17:40:00.0000",10.51,62.84,2.40451550483704,11.642765045166,32.7902374267578
"2024-04-09 17:38:21.0000",,,,,
"2024-04-09 17:50:00.0000",10.4,63.83,2.26421475410461,10.7616128921509,27.5791072845459
"2024-04-09 17:54:50.0000",,,,,
"2024-04-09 18:00:00.0000",10.43,63.33,2.09556531906128,11.4955263137817,26.9396152496338
"2024-04-09 18:10:00.0000",10.78,61.81,1.97618937492371,9.43393707275391,18.3432674407959
"2024-04-09 18:12:20.0000",,,,,
"2024-04-09 18:20:00.0000",10.85,59.74,2.16445398330688,10.4587392807007,25.8609809875488
"2024-04-09 18:30:00.0000",10.74,61.24,1.93851983547211,9.58043098449707,29.8028602600098
"2024-04-09 18:40:00.0000",10.59,61.48,1.88999843597412,9.27153205871582,25.3170261383057
"2024-04-09 18:29:49.0000",,,,,
"2024-04-09 18:50:00.0000",10.47,62.67,2.19089007377625,11.8632345199585,31.0861873626709
"2024-04-09 19:00:00.0000",10.31,64.4,2.43781232833862,13.0508060455322,31.7182521820068
"2024-04-09 18:48:22.0000",,,,,
"2024-04-09 19:10:00.0000",10.03,64.88,2.63062429428101,12.3379898071289,34.857307434082
"2024-04-09 19:04:50.0000",,,,,
"2024-04-09 19:20:00.0000",9.78,65.72,2.71956777572632,14.0942144393921,49.667350769043
"2024-04-09 19:22:20.0000",,,,,
"2024-04-09 19:30:00.0000",9.67,66.47,2.53050398826599,12.5959987640381,33.0310478210449
"2024-04-09 19:40:00.0000",9.57,67.45,2.60246896743774,13.514552116394,37.9995422363281
"2024-04-09 19:39:52.0000",,,,,
"2024-04-09 19:50:00.0000",9.51,68.43,2.75963950157166,14.3077096939087,36.9268112182617
"2024-04-09 20:00:00.0000",9.48,67.82,2.96660923957825,15.4209032058716,41.0707969665527
"2024-04-09 20:10:00.0000",9.49,65.98,2.10195684432983,10.7408113479614,27.5360565185547
"2024-04-09 19:58:20.0000",,,,,
"2024-04-09 20:20:00.0000",9.46,65.46,2.21044182777405,11.5071973800659,30.1515369415283
"2024-04-09 20:14:52.0000",,,,,
"2024-04-09 20:30:00.0000",9.44,63.93,1.96625578403473,9.09367847442627,25.6318130493164
"2024-04-09 20:40:00.0000",9.48,63.53,2.0849666595459,11.2971754074097,28.2747535705566
"2024-04-09 20:32:23.0000",,,,,
"2024-04-09 20:50:00.0000",9.41,64.73,2.18080067634583,12.2350931167603,32.9971809387207
"2024-04-09 20:49:51.0000",,,,,
"2024-04-09 21:10:00.0000",9.3,66.37,2.62894320487976,13.8350248336792,38.8894424438477
"2024-04-09 21:00:00.0000",9.36,65.05,2.05929827690125,10.6573610305786,33.9696998596191
"2024-04-09 21:08:24.0000",,,,,
"2024-04-09 21:20:00.0000",9.24,66.85,2.38856530189514,13.4341259002686,38.621021270752
"2024-04-09 21:24:52.0000",,,,,
"2024-04-09 21:30:00.0000",9.16,68.04,2.61796188354492,13.451699256897,28.4271354675293
"2024-04-09 21:40:00.0000",9.1,68.32,2.47802042961121,13.9784479141235,34.1374320983887
"2024-04-09 21:42:21.0000",,,,,
"2024-04-09 21:50:00.0000",9.02,67.93,2.52078890800476,13.3940925598145,37.7377510070801
"2024-04-09 22:00:00.0000",9.04,67.64,2.25640678405762,11.6229038238525,33.179615020752
"2024-04-09 21:59:51.0000",,,,,
"2024-04-09 22:10:00.0000",9.08,67.97,2.16455888748169,12.8172788619995,45.3769607543945
"2024-04-09 22:20:00.0000",8.98,69.28,2.46687197685242,13.8266859054565,44.8849639892578
"2024-04-09 22:18:21.0000",,,,,
"2024-04-09 22:30:00.0000",8.88,70.18,2.39783191680908,12.9837207794189,37.3595123291016
"2024-04-09 22:40:00.0000",8.81,70.4,2.26895785331726,13.0021953582764,42.0676689147949
"2024-04-09 22:34:50.0000",,,,,
"2024-04-09 22:50:00.0000",8.84,68.5,2.2482008934021,10.0425329208374,28.8123302459717
"2024-04-09 22:52:19.0000",,,,,
"2024-04-09 23:00:00.0000",8.93,66.22,1.64954650402069,9.34623718261719,29.8979434967041
"2024-04-09 23:10:00.0000",8.92,65.64,1.9394326210022,8.76842212677002,21.7018337249756
"2024-04-09 23:09:48.0000",,,,,
"2024-04-09 23:20:00.0000",8.9,65.99,1.83120608329773,9.60549736022949,25.2988586425781
"2024-04-09 23:28:19.0000",,,,,
"2024-04-09 23:30:00.0000",8.74,67.82,1.81160581111908,9.4863109588623,31.3420867919922
"2024-04-09 23:40:00.0000",8.64,67.64,1.88808834552765,10.0088081359863,26.0052871704102
"2024-04-09 23:50:00.0000",8.56,67.03,1.6586149930954,9.09062480926514,22.0107498168945
"2024-04-09 23:44:49.0000",,,,,
"2024-04-10 00:00:00.0000",8.5,67.18,1.76971006393433,9.79394721984863,29.2614402770996
"2024-04-10 00:02:17.0000",,,,,
"2024-04-10 00:10:00.0000",8.45,68.06,1.76582109928131,10.5432357788086,32.0586891174316
"2024-04-10 00:20:00.0000",8.41,69.27,1.79215800762177,11.2253646850586,37.6195793151855
"2024-04-10 00:19:47.0000",,,,,
"2024-04-10 00:30:00.0000",8.34,69.89,1.75711512565613,10.4802436828613,36.0431861877441
"2024-04-10 00:40:00.0000",8.24,69.75,1.54653024673462,8.81892681121826,36.1166763305664
"2024-04-10 00:38:13.0000",,,,,
"2024-04-10 00:50:00.0000",8.12,68.81,1.72056484222412,8.81263065338135,25.7652950286865
"2024-04-10 00:54:45.0000",,,,,
"2024-04-10 01:00:00.0000",8.03,70.21,2.14562582969666,12.0194664001465,39.0722579956055
"2024-04-10 01:10:00.0000",7.88,71.36,2.02770161628723,11.5575542449951,44.4354095458984
"2024-04-10 01:12:15.0000",,,,,
"2024-04-10 01:20:00.0000",7.8,70.73,1.62084877490997,9.21744060516357,33.3465766906738
"2024-04-10 01:30:00.0000",7.81,68.35,1.42117738723755,7.74576759338379,23.9268569946289
"2024-04-10 01:40:00.0000",7.79,67.49,1.33591389656067,6.6656231880188,22.8603382110596
"2024-04-10 01:29:45.0000",,,,,
"2024-04-10 01:50:00.0000",7.72,67.03,1.27586805820465,6.59660720825195,18.37815284729
"2024-04-10 01:48:16.0000",,,,,
"2024-04-10 02:10:00.0000",7.49,67.06,1.25400686264038,6.88565301895142,23.6042766571045
"2024-04-10 02:00:00.0000",7.59,66.95,1.25755965709686,6.80014657974243,18.1061096191406
"2024-04-10 02:04:51.0000",,,,,
"2024-04-10 02:20:00.0000",7.43,67.23,1.29708886146545,6.32780790328979,22.4901790618896
"2024-04-10 02:22:19.0000",,,,,
"2024-04-10 02:30:00.0000",7.38,66.94,1.06365478038788,5.27462530136108,15.669677734375
"2024-04-10 02:40:00.0000",7.15,67.59,1.23109519481659,6.61781597137451,19.183629989624
"2024-04-10 02:39:50.0000",,,,,
"2024-04-10 02:50:00.0000",6.93,67.88,1.18166410923004,6.05968856811523,17.5221633911133
"2024-04-10 03:00:00.0000",6.83,67.5,1.04662108421326,5.09447240829468,14.5573396682739
"2024-04-10 03:10:00.0000",6.72,68.23,1.16868615150452,5.80051040649414,19.4055271148682
"2024-04-10 02:58:15.0000",,,,,
"2024-04-10 03:20:00.0000",6.5,68.09,1.12651240825653,4.90381956100464,14.7011232376099
"2024-04-10 03:14:48.0000",,,,,
"2024-04-10 03:30:00.0000",6.22,68.77,1.23421847820282,5.77172517776489,17.3301239013672
"2024-04-10 03:40:00.0000",6.11,69.48,1.41312599182129,5.92865324020386,19.982364654541
"2024-04-10 03:32:17.0000",,,,,
"2024-04-10 03:50:00.0000",6.1,71.18,1.4031229019165,6.26460027694702,16.3997497558594
"2024-04-10 03:49:48.0000",,,,,
"2024-04-10 04:00:00.0000",6.16,71.53,1.40020346641541,6.14581203460693,19.1577281951904
"2024-04-10 04:10:00.0000",6.17,72.75,1.5341579914093,6.68515157699585,23.066764831543
"2024-04-10 04:08:13.0000",,,,,
"2024-04-10 04:20:00.0000",6.14,72.39,1.57978355884552,6.67064189910889,22.0116634368896
"2024-04-10 04:24:47.0000",,,,,
"2024-04-10 04:30:00.0000",6.14,73.32,1.51171362400055,7.59230041503906,35.9574508666992
"2024-04-10 04:40:00.0000",6.11,72.86,1.39803957939148,6.41234111785889,27.2568092346191
"2024-04-10 04:42:16.0000",,,,,
"2024-04-10 04:50:00.0000",6.1,73.31,1.36205399036407,6.53158187866211,20.7727298736572
"2024-04-10 05:00:00.0000",6.11,73.57,1.2034205198288,5.88212633132935,19.3266944885254
"2024-04-10 05:10:00.0000",6.06,73.61,1.3185361623764,7.29529190063477,23.5644760131836
"2024-04-10 04:59:47.0000",,,,,
"2024-04-10 05:20:00.0000",6.2,74.88,1.39027070999146,6.81243133544922,23.4862785339355
"2024-04-10 05:18:16.0000",,,,,
"2024-04-10 05:30:00.0000",6.49,75.9,1.26605010032654,7.1761794090271,25.2473850250244
"2024-04-10 05:40:00.0000",6.68,75,1.47470462322235,6.49579334259033,15.8475313186646
"2024-04-10 05:34:46.0000",,,,,
"2024-04-10 05:50:00.0000",6.71,74.2,1.70335507392883,6.75489139556885,19.4679737091064
"2024-04-10 05:52:15.0000",,,,,
"2024-04-10 06:00:00.0000",6.82,73.74,1.51994240283966,7.47820711135864,28.8970127105713
"2024-04-10 06:10:00.0000",6.83,73.5,1.55870509147644,7.49345970153809,23.3640575408936
"2024-04-10 06:09:49.0000",,,,,
"2024-04-10 06:20:00.0000",6.87,73.82,1.59270846843719,7.8958215713501,30.1793556213379
"2024-04-10 06:28:15.0000",,,,,
"2024-04-10 06:30:00.0000",6.94,74,1.83026278018951,9.42721176147461,37.7502517700195
"2024-04-10 06:40:00.0000",6.94,75.28,1.46331512928009,7.25978899002075,18.6486206054688
"2024-04-10 06:50:00.0000",6.99,75.48,1.65866529941559,7.62844657897949,21.0154514312744
"2024-04-10 06:44:48.0000",,,,,
"2024-04-10 07:00:00.0000",7.03,75.7,1.7786853313446,8.48076248168945,30.7383594512939
"2024-04-10 07:10:00.0000",7.15,76.13,1.55684113502502,8.0024528503418,18.7985496520996
"2024-04-10 07:02:17.0000",,,,,
"2024-04-10 07:20:00.0000",7.42,75.48,1.59058964252472,7.66299533843994,18.2356338500977
"2024-04-10 07:19:49.0000",,,,,
"2024-04-10 07:30:00.0000",7.61,74.49,1.66132509708405,7.99788188934326,21.3706684112549
"2024-04-10 07:40:00.0000",7.68,73.47,1.53677070140839,7.68260431289673,19.9833831787109
"2024-04-10 07:38:19.0000",,,,,
"2024-04-10 07:50:00.0000",7.8,72.9,1.47613930702209,7.30636692047119,25.6288108825684
"2024-04-10 07:54:47.0000",,,,,
"2024-04-10 08:00:00.0000",7.91,72.56,1.64980614185333,8.12618732452393,25.048131942749
"2024-04-10 08:10:00.0000",7.95,72.61,1.77012741565704,8.41342163085938,26.7037677764893
"2024-04-10 08:12:16.0000",,,,,
"2024-04-10 08:20:00.0000",8.07,73.08,2.08247447013855,8.17808437347412,19.5272731781006
"2024-04-10 08:30:00.0000",7.95,74.35,1.80669963359833,8.13702583312988,16.9126796722412
"2024-04-10 08:40:00.0000",7.79,75.28,1.7762154340744,8.15432548522949,16.1292972564697
"2024-04-10 08:29:46.0000",,,,,
"2024-04-10 08:50:00.0000",7.69,76.21,1.92417860031128,9.15499973297119,23.6293811798096
"2024-04-10 08:48:16.0000",,,,,
"2024-04-10 09:10:00.0000",7.66,78.62,2.23397302627563,11.1757020950317,24.9484405517578
"2024-04-10 09:00:00.0000",7.65,77.35,1.97437274456024,9.95444393157959,36.6706237792969
"2024-04-10 09:04:45.0000",,,,,
"2024-04-10 09:20:00.0000",7.73,79.3,2.38714361190796,11.2903575897217,32.7612342834473
"2024-04-10 09:30:00.0000",7.92,80.16,2.57002973556519,13.2923851013184,41.1143646240234
"2024-04-10 09:22:16.0000",,,,,
"2024-04-10 09:40:00.0000",8.12,80.97,2.53795695304871,12.762843132019,33.5882263183594
"2024-04-10 09:39:44.0000",,,,,
"2024-04-10 09:50:00.0000",8.32,81.91,2.48302483558655,11.9004459381104,30.8233947753906
"2024-04-10 10:00:00.0000",8.51,81.85,2.88456678390503,12.3502855300903,27.5459079742432
"2024-04-10 10:10:00.0000",8.61,82.26,2.57021999359131,13.3603496551514,29.6164741516113
"2024-04-10 09:58:16.0000",,,,,
"2024-04-10 10:20:00.0000",8.67,82.15,2.29379630088806,12.7823724746704,42.5802345275879
"2024-04-10 10:14:44.0000",,,,,
"2024-04-10 10:30:00.0000",8.78,82.2,2.27558875083923,10.998556137085,32.0901756286621
"2024-04-10 10:40:00.0000",8.83,81.64,2.49954462051392,11.6256542205811,32.3819389343262
"2024-04-10 10:32:19.0000",,,,,
"2024-04-10 10:50:00.0000",8.89,81.23,2.62518239021301,12.5933656692505,32.2335891723633
"2024-04-10 10:49:48.0000",,,,,
"2024-04-10 11:00:00.0000",8.96,81.36,2.35558176040649,11.5114469528198,28.3368148803711
"2024-04-10 11:10:00.0000",9.1,81.41,2.77966141700745,12.3708810806274,27.7968006134033
"2024-04-10 10:59:48.0000",,,,,
"2024-04-10 11:08:19.0000",,,,,
"2024-04-10 11:20:00.0000",9.32,81.41,2.5670440196991,12.2411403656006,26.3529300689697
"2024-04-10 11:24:47.0000",,,,,
"2024-04-10 11:30:00.0000",9.62,81.33,2.44780707359314,12.3574142456055,29.0976314544678
"2024-04-10 11:40:00.0000",9.5,81.09,2.30642890930176,9.70962333679199,25.7593555450439
"2024-04-10 11:42:17.0000",,,,,
"2024-04-10 11:50:00.0000",9.39,81.38,2.42161655426025,11.5072774887085,25.9095134735107
"2024-04-10 12:00:00.0000",9.34,82.14,2.19267439842224,10.8705625534058,30.4729862213135
"2024-04-10 11:59:46.0000",,,,,
"2024-04-10 12:10:00.0000",9.38,82.37,2.78986525535583,12.9684867858887,32.8109703063965
"2024-04-10 12:20:00.0000",9.5,82.8,2.36998176574707,10.0572729110718,26.2150688171387
"2024-04-10 12:18:17.0000",,,,,
"2024-04-10 12:30:00.0000",9.64,82.67,2.2128005027771,11.1048908233643,26.5353832244873
"2024-04-10 12:40:00.0000",9.76,83.73,2.2396821975708,9.85585880279541,20.5861549377441
"2024-04-10 12:34:46.0000",,,,,
"2024-04-10 12:50:00.0000",9.85,83.38,2.08725166320801,10.3263988494873,24.3880424499512
"2024-04-10 12:52:15.0000",,,,,
"2024-04-10 13:00:00.0000",9.99,82.44,2.97392201423645,12.8595857620239,29.6878814697266
"2024-04-10 13:10:00.0000",10.22,82.77,1.96600258350372,7.14474630355835,14.8951711654663
"2024-04-10 13:09:44.0000",,,,,
"2024-04-10 13:20:00.0000",10.51,82.7,1.70146727561951,8.19552230834961,22.1267528533936
"2024-04-10 13:28:10.0000",,,,,
"2024-04-10 13:30:00.0000",11.09,82.23,1.36753225326538,6.73512506484985,16.6086826324463
"2024-04-10 13:40:00.0000",11.35,81.44,1.32051908969879,5.47829914093018,18.7369117736816
"2024-04-10 13:50:00.0000",11.62,80.64,1.32095456123352,4.83412456512451,11.23987865448
"2024-04-10 13:44:45.0000",,,,,
"2024-04-10 14:00:00.0000",11.99,80.35,1.55714869499207,4.3147234916687,8.71562576293945
"2024-04-10 14:10:00.0000",12.36,79.24,0.954215705394745,2.67199778556824,6.08891916275024
"2024-04-10 14:02:13.0000",,,,,
"2024-04-10 14:20:00.0000",12.5,78.3,0.869955658912659,2.54925298690796,7.02738571166992
"2024-04-10 14:19:43.0000",,,,,
"2024-04-10 14:30:00.0000",12.87,78.34,0.667633235454559,2.20540761947632,7.54223155975342
"2024-04-10 14:40:00.0000",13.21,77.65,0.735670447349548,1.79092025756836,11.0633058547974
"2024-04-10 14:38:10.0000",,,,,
"2024-04-10 14:50:00.0000",13.52,76.93,0.789045512676239,2.24252581596375,9.6402759552002
"2024-04-10 14:54:42.0000",,,,,
"2024-04-10 15:00:00.0000",13.57,75.75,0.300771117210388,0.865649461746216,3.29259371757507
"2024-04-10 15:10:00.0000",13.53,75.59,0.385918170213699,1.59447133541107,9.25379180908203
"2024-04-10 15:12:12.0000",,,,,
"2024-04-10 15:20:00.0000",13.3,75.98,0.873603284358978,1.96009528636932,5.28455305099487
"2024-04-10 15:30:00.0000",13.23,77.04,0.897610783576965,2.03562617301941,5.44914245605469
"2024-04-10 15:29:42.0000",,,,,
"2024-04-10 15:40:00.0000",13.22,77.11,0.517100751399994,1.69290113449097,5.09121513366699
"2024-04-10 15:50:00.0000",13.16,77.84,0.600952982902527,1.6988981962204,4.69725608825684
"2024-04-10 15:48:13.0000",,,,,
"2024-04-10 16:00:00.0000",13.33,77.52,0.655440449714661,1.90177202224731,6.48289775848389
"2024-04-10 16:10:00.0000",13.4,77.78,0.965654373168945,2.24830770492554,11.2035913467407
"2024-04-10 16:04:40.0000",,,,,
"2024-04-10 16:20:00.0000",13.56,78.05,0.738248646259308,1.53840351104736,4.29031944274902
"2024-04-10 16:22:10.0000",,,,,
"2024-04-10 16:30:00.0000",14.4,76.42,0.713794350624084,2.19695162773132,7.58132696151733
"2024-04-10 16:40:00.0000",14.86,73.82,0.652742862701416,1.50395333766937,8.70139312744141
"2024-04-10 16:39:45.0000",,,,,
"2024-04-10 16:50:00.0000",15.24,71.67,0.199013769626617,0.727091193199158,3.17693758010864
"2024-04-10 16:58:11.0000",,,,,
"2024-04-10 17:00:00.0000",15.61,70.42,0.281637966632843,0.948364317417145,6.26879262924194
"2024-04-10 17:10:00.0000",15.68,68.01,0.245057970285416,0.832185804843903,3.95817637443542
"2024-04-10 17:20:00.0000",15.61,68.17,0.606823563575745,1.67012155056,8.32839012145996
"2024-04-10 17:14:44.0000",,,,,
"2024-04-10 17:30:00.0000",15.32,68.64,0.559411466121674,1.87882888317108,15.1211433410645
"2024-04-10 17:40:00.0000",15.39,68.44,0.53176212310791,2.01439356803894,7.3051872253418
"2024-04-10 17:32:13.0000",,,,,
"2024-04-10 17:50:00.0000",15.35,67.97,0.52744048833847,1.62435472011566,4.10443878173828
"2024-04-10 17:49:44.0000",,,,,
"2024-04-10 18:00:00.0000",15.08,68.57,0.502548217773438,1.49262833595276,5.39659214019775
"2024-04-10 18:10:00.0000",15,68.54,0.50690370798111,1.91157269477844,5.69662714004517
"2024-04-10 18:08:09.0000",,,,,
"2024-04-10 18:20:00.0000",14.92,68.14,0.326908528804779,1.18902349472046,4.47009468078613
"2024-04-10 18:24:42.0000",,,,,
"2024-04-10 18:30:00.0000",14.77,69.06,0.339407622814178,1.01142799854279,3.97656393051147
"2024-04-10 18:40:00.0000",14.71,69.43,0.208263963460922,0.965962171554565,4.6093316078186
"2024-04-10 18:42:13.0000",,,,,
"2024-04-10 18:50:00.0000",14.71,69.13,0.203405827283859,0.550554692745209,2.82000851631165
"2024-04-10 19:00:00.0000",14.63,69.05,0.268967658281326,0.611070871353149,2.82941508293152
"2024-04-10 18:59:42.0000",,,,,
"2024-04-10 19:10:00.0000",14.46,69.93,0.333575278520584,0.817356824874878,3.08487153053284
"2024-04-10 19:20:00.0000",14.5,70.8,0.327281206846237,0.65779572725296,3.74793171882629
"2024-04-10 19:18:14.0000",,,,,
"2024-04-10 19:30:00.0000",14.38,71.13,0.363445222377777,0.755541086196899,3.36079216003418
"2024-04-10 19:40:00.0000",14.31,71.58,0.167004555463791,0.632623136043549,3.63870644569397
"2024-04-10 19:34:40.0000",,,,,
"2024-04-10 19:50:00.0000",14.16,71.81,0.296333700418472,0.667535305023193,3.52608346939087
"2024-04-10 19:52:12.0000",,,,,
"2024-04-10 20:10:00.0000",14.19,72.67,0.13681036233902,0.4852235019207,4.94467735290527
"2024-04-10 20:00:00.0000",14.16,72.11,0.216819599270821,0.505463540554047,2.7216854095459
"2024-04-10 20:09:40.0000",,,,,
"2024-04-10 20:20:00.0000",14.13,72.99,0.23254220187664,0.779314458370209,3.18243265151978
"2024-04-10 20:28:11.0000",,,,,
"2024-04-10 20:30:00.0000",14.1,74.12,0.290118634700775,0.793949484825134,3.1846284866333
"2024-04-10 20:40:00.0000",14.09,74.05,0.305893003940582,0.893331110477448,3.99175643920898
"2024-04-10 20:50:00.0000",14.16,73.93,0.217861250042915,0.627390205860138,2.90626072883606
"2024-04-10 20:44:40.0000",,,,,
"2024-04-10 21:00:00.0000",14.23,73.92,0.167860001325607,0.570904731750488,2.98626208305359
"2024-04-10 21:10:00.0000",14.29,73.94,0.184341967105865,0.504345536231995,2.80728125572205
"2024-04-10 21:02:14.0000",,,,,
"2024-04-10 21:20:00.0000",14.27,74.11,0.249679118394852,0.992608487606049,6.48264265060425
"2024-04-10 21:19:44.0000",,,,,
"2024-04-10 21:30:00.0000",14.28,74.02,0.226058900356293,0.828594088554382,3.48711657524109
"2024-04-10 21:40:00.0000",14.19,74.49,0.256988614797592,1.16250789165497,4.84865188598633
"2024-04-10 21:38:09.0000",,,,,
"2024-04-10 21:50:00.0000",14.15,74.56,0.207493916153908,0.857905328273773,7.18693065643311
"2024-04-10 21:54:42.0000",,,,,
"2024-04-10 22:00:00.0000",13.91,75.69,0.341813415288925,1.26346206665039,3.78551602363586
"2024-04-10 22:10:00.0000",13.54,77.87,0.301467478275299,1.2578798532486,4.76012325286865
"2024-04-10 22:12:13.0000",,,,,
"2024-04-10 22:20:00.0000",13.43,78.28,0.292940229177475,0.999565660953522,8.69988441467285
"2024-04-10 22:30:00.0000",13.38,78.84,0.25750258564949,0.867242991924286,3.50236201286316
"2024-04-10 22:40:00.0000",13.28,78.8,0.359384506940842,1.98341476917267,7.26436567306519
"2024-04-10 22:29:43.0000",,,,,
"2024-04-10 22:50:00.0000",13.15,78.66,0.359636753797531,1.57121169567108,4.3661322593689
"2024-04-10 22:48:13.0000",,,,,
"2024-04-10 23:00:00.0000",13.1,78.64,0.255972415208817,1.27209770679474,5.90909671783447
"2024-04-10 23:10:00.0000",13.04,78.92,0.216943576931953,0.856601536273956,4.65596342086792
"2024-04-10 23:04:41.0000",,,,,
"2024-04-10 23:20:00.0000",13.17,78.64,0.206628575921059,1.07068634033203,6.48851585388184
"2024-04-10 23:22:11.0000",,,,,
"2024-04-10 23:30:00.0000",13.19,77,0.213929414749146,0.798107028007507,5.38886213302612
"2024-04-10 23:40:00.0000",13.18,77.36,0.236741170287132,0.903433322906494,4.73840570449829
"2024-04-10 23:39:41.0000",,,,,
"2024-04-10 23:50:00.0000",13.15,76.64,0.244842544198036,0.634454727172852,3.26792693138123
"2024-04-11 00:00:00.0000",13.18,76.92,0.310745745897293,0.964816153049469,3.632319688797
"2024-04-11 00:10:00.0000",13.2,76.62,0.290501683950424,1.041863322258,3.52023100852966
"2024-04-10 23:58:12.0000",,,,,
"2024-04-11 00:20:00.0000",13.1,77.19,0.330849379301071,1.41771709918976,4.89047622680664
"2024-04-11 00:14:39.0000",,,,,
"2024-04-11 00:30:00.0000",13.05,77.79,0.309530049562454,1.25882959365845,5.47705507278442
"2024-04-11 00:32:08.0000",,,,,
"2024-04-11 00:40:00.0000",13.06,77.7,0.287245154380798,0.937635481357574,3.55378842353821
"2024-04-11 00:50:00.0000",13.06,77.21,0.357958197593689,1.53404462337494,5.18002080917358
"2024-04-11 00:49:39.0000",,,,,
"2024-04-11 01:00:00.0000",13.01,77.34,0.347246646881104,1.73505640029907,5.08106231689453
"2024-04-11 01:10:00.0000",12.92,77.51,0.358766168355942,1.43130493164062,5.15702676773071
"2024-04-11 01:08:11.0000",,,,,
"2024-04-11 01:20:00.0000",12.81,78.93,0.450262486934662,1.35717809200287,3.84731793403625
"2024-04-11 01:24:39.0000",,,,,
"2024-04-11 01:30:00.0000",12.68,78.45,0.509310901165009,2.18988156318665,7.52867746353149
"2024-04-11 01:40:00.0000",12.66,78.81,0.490865051746368,1.57596862316132,6.19406366348267
"2024-04-11 01:42:12.0000",,,,,
"2024-04-11 01:50:00.0000",12.77,78.74,0.691351354122162,2.35713505744934,5.67150211334229
"2024-04-11 02:00:00.0000",12.86,78.85,0.573949217796326,1.6418673992157,4.1442699432373
"2024-04-11 02:10:00.0000",12.86,78.1,0.581709682941437,2.2933521270752,6.95348358154297
"2024-04-11 01:59:43.0000",,,,,
"2024-04-11 02:20:00.0000",12.88,77.99,0.467397749423981,1.43919360637665,3.88060164451599
"2024-04-11 02:18:04.0000",,,,,
"2024-04-11 02:30:00.0000",12.95,77.99,0.422375947237015,1.30860364437103,3.9581127166748
"2024-04-11 02:40:00.0000",12.9,77.58,0.378576755523682,1.72648966312408,4.9192361831665
"2024-04-11 02:34:37.0000",,,,,
"2024-04-11 02:50:00.0000",12.93,77.35,0.574346005916595,1.77881443500519,4.34772825241089
"2024-04-11 02:52:05.0000",,,,,
"2024-04-11 03:00:00.0000",12.93,76.31,0.643893480300903,2.4072470664978,5.36492395401001
"2024-04-11 03:10:00.0000",12.99,76.49,0.559219002723694,1.92067956924438,6.12935543060303
"2024-04-11 03:09:36.0000",,,,,
"2024-04-11 03:20:00.0000",13.03,75.57,0.493565112352371,1.59783363342285,4.14894437789917
"2024-04-11 03:28:07.0000",,,,,
"2024-04-11 03:30:00.0000",13.03,75.72,0.575414538383484,1.89455509185791,4.50539064407349
"2024-04-11 03:40:00.0000",13,75.74,0.60997074842453,2.61847162246704,6.0334324836731
"2024-04-11 03:50:00.0000",12.98,75.53,0.623061656951904,2.20350337028503,5.64953708648682
"2024-04-11 03:44:41.0000",,,,,
"2024-04-11 04:00:00.0000",13.04,75.31,0.726145029067993,2.50619649887085,5.43713808059692
"2024-04-11 04:10:00.0000",13.01,75.32,0.69340854883194,2.46839928627014,6.03742170333862
"2024-04-11 04:02:10.0000",,,,,
"2024-04-11 04:20:00.0000",13.01,75.42,0.702065229415894,3.10402631759644,10.9924154281616
"2024-04-11 04:19:40.0000",,,,,
"2024-04-11 04:30:00.0000",12.99,74.9,0.804904043674469,3.24056529998779,6.56251907348633
"2024-04-11 04:40:00.0000",13.01,74.93,0.804514586925507,3.17253589630127,6.63968849182129
"2024-04-11 04:38:05.0000",,,,,
"2024-04-11 04:50:00.0000",13.07,74.83,0.788581192493439,3.37148714065552,8.88754558563232
"2024-04-11 04:54:39.0000",,,,,
"2024-04-11 05:00:00.0000",13.07,74.56,1.03958928585052,3.11357474327087,6.48229837417603
"2024-04-11 05:10:00.0000",12.86,75.34,0.862512111663818,3.36142373085022,7.07754135131836
"2024-04-11 05:12:08.0000",,,,,
"2024-04-11 05:20:00.0000",12.75,75.68,0.966131508350372,3.75048518180847,8.47347831726074
"2024-04-11 05:30:00.0000",12.74,75.65,0.945009648799896,3.27955484390259,7.96133136749268
"2024-04-11 05:40:00.0000",12.8,76.09,0.877772629261017,3.994384765625,9.31832313537598
"2024-04-11 05:29:38.0000",,,,,
"2024-04-11 05:50:00.0000",12.77,75.52,0.879261553287506,3.17958354949951,7.89302015304565
"2024-04-11 05:48:05.0000",,,,,
"2024-04-11 06:00:00.0000",12.76,75.21,1.0920627117157,3.47037386894226,9.1144905090332
"2024-04-11 06:10:00.0000",12.72,75.24,0.913833320140839,3.50743722915649,8.81542110443115
"2024-04-11 06:04:37.0000",,,,,
"2024-04-11 06:20:00.0000",12.71,75.16,0.897887945175171,3.55539703369141,7.92067909240723
"2024-04-11 06:22:07.0000",,,,,
"2024-04-11 06:30:00.0000",12.71,75.38,0.971594989299774,4.33045816421509,9.64368152618408
"2024-04-11 06:40:00.0000",12.58,75.5,0.902784705162048,3.75413274765015,8.41783618927002
"2024-04-11 06:39:37.0000",,,,,
"2024-04-11 06:50:00.0000",12.51,75.44,1.12528932094574,4.35818767547607,8.74290370941162
"2024-04-11 07:00:00.0000",12.48,75.48,1.42492234706879,4.83243560791016,9.63125038146973
"2024-04-11 06:58:06.0000",,,,,
"2024-04-11 07:10:00.0000",12.48,75.52,1.07887983322144,3.31109523773193,7.32853746414185
"2024-04-11 07:20:00.0000",12.59,75.64,1.34884536266327,4.91496610641479,10.0747346878052
"2024-04-11 07:14:36.0000",,,,,
"2024-04-11 07:30:00.0000",12.72,75.57,1.33334493637085,5.14121055603027,10.5676603317261
"2024-04-11 07:32:05.0000",,,,,
"2024-04-11 07:40:00.0000",12.83,75.01,1.02354872226715,3.79700303077698,7.78757524490356
"2024-04-11 07:50:00.0000",13.07,74.61,1.12611544132233,5.67586517333984,19.4954013824463
"2024-04-11 07:49:41.0000",,,,,
"2024-04-11 08:00:00.0000",13.38,74.11,1.21446323394775,4.14082193374634,8.22282218933105
"2024-04-11 08:10:00.0000",13.56,73.35,1.09998619556427,4.7061972618103,9.84717273712158
"2024-04-11 08:08:06.0000",,,,,
"2024-04-11 08:20:00.0000",13.85,72.46,1.46144318580627,5.55297470092773,13.8615245819092
"2024-04-11 08:24:38.0000",,,,,
"2024-04-11 08:30:00.0000",14.28,71.55,1.74905586242676,6.28259897232056,23.8707485198975
"2024-04-11 08:40:00.0000",14.28,69.86,1.51936078071594,6.22379779815674,15.1269598007202
"2024-04-11 08:42:08.0000",,,,,
"2024-04-11 08:50:00.0000",14.39,69.23,1.358039021492,4.89806079864502,9.47006320953369
"2024-04-11 09:00:00.0000",14.7,69.02,1.65412056446075,6.48766279220581,16.7406215667725
"2024-04-11 09:10:00.0000",14.91,68.58,2.85837364196777,8.27236747741699,25.573034286499
"2024-04-11 08:59:37.0000",,,,,
"2024-04-11 09:20:00.0000",15.07,67.58,2.15765643119812,7.15872192382812,14.6990098953247
"2024-04-11 09:18:05.0000",,,,,
"2024-04-11 09:40:00.0000",15.24,66.34,2.20235395431519,7.95807313919067,18.9608707427979
"2024-04-11 09:30:00.0000",15.2,67.31,2.01959609985352,10.1619758605957,48.6653327941895
"2024-04-11 09:34:37.0000",,,,,
"2024-04-11 09:50:00.0000",15.35,65.31,1.70637369155884,6.01040458679199,11.1706314086914
"2024-04-11 09:52:07.0000",,,,,
"2024-04-11 10:00:00.0000",15.55,65.7,1.90413320064545,7.983802318573,23.9395484924316
"2024-04-11 10:10:00.0000",15.84,64.78,2.00208330154419,8.94396305084229,25.4690418243408
"2024-04-11 10:09:35.0000",,,,,
"2024-04-11 10:20:00.0000",16.09,64.11,2.07791066169739,7.52551746368408,21.5989017486572
"2024-04-11 10:30:00.0000",16.31,62.49,1.95891547203064,7.80241918563843,24.7352161407471
"2024-04-11 10:40:00.0000",16.44,62.04,1.90991771221161,6.46004819869995,27.8548965454102
"2024-04-11 10:28:08.0000",,,,,
"2024-04-11 10:50:00.0000",16.72,59.99,1.7442444562912,6.21495532989502,16.2785358428955
"2024-04-11 10:44:36.0000",,,,,
"2024-04-11 11:00:00.0000",16.79,60.08,2.25219297409058,8.53024959564209,31.2193431854248
"2024-04-11 10:59:38.0000",,,,,
"2024-04-11 11:02:05.0000",,,,,
"2024-04-11 11:10:00.0000",17.36,59.75,1.71879827976227,6.1930193901062,17.8367958068848
"2024-04-11 11:20:00.0000",17.47,57.83,2.01494216918945,6.3477463722229,10.9455299377441
"2024-04-11 11:19:35.0000",,,,,
"2024-04-11 11:40:00.0000",17.37,58.37,2.01112484931946,7.69876289367676,25.6238479614258
"2024-04-11 11:30:00.0000",17.3,58.73,1.90566003322601,6.44587898254395,18.4605464935303
"2024-04-11 11:38:06.0000",,,,,
"2024-04-11 11:50:00.0000",17.25,58.42,1.77728366851807,6.37044858932495,14.1089458465576
"2024-04-11 11:54:34.0000",,,,,
"2024-04-11 12:00:00.0000",17.59,58.32,2.03926587104797,6.988365650177,14.8755130767822
"2024-04-11 12:10:00.0000",18.46,55.5,1.87473773956299,5.79140424728394,10.2971639633179
"2024-04-11 12:12:08.0000",,,,,
"2024-04-11 12:20:00.0000",18.82,53.71,2.04057168960571,6.9638671875,20.5450019836426
"2024-04-11 12:30:00.0000",18.7,53.31,1.70989966392517,5.44318389892578,9.42870330810547
"2024-04-11 12:40:00.0000",18.7,52.79,2.20832276344299,8.45985126495361,18.7438659667969
"2024-04-11 12:29:39.0000",,,,,
"2024-04-11 12:50:00.0000",18.23,53.67,2.45640730857849,8.03291797637939,14.8406543731689
"2024-04-11 12:48:05.0000",,,,,
"2024-04-11 13:10:00.0000",17.34,56.65,2.78877854347229,9.82459449768066,16.9500465393066
"2024-04-11 13:00:00.0000",17.74,56.07,2.39060258865356,7.66425752639771,15.6766510009766
"2024-04-11 13:04:37.0000",,,,,
"2024-04-11 13:20:00.0000",16.9,56.6,2.48741126060486,9.27872657775879,15.9283638000488
"2024-04-11 13:30:00.0000",17.26,56.58,2.71453070640564,9.86593532562256,19.8073825836182
"2024-04-11 13:22:07.0000",,,,,
"2024-04-11 13:40:00.0000",17.33,55.55,2.73980140686035,9.80096817016602,21.5520534515381
"2024-04-11 13:39:38.0000",,,,,
"2024-04-11 13:50:00.0000",17.57,54.61,2.83817172050476,10.1676387786865,25.8292274475098
"2024-04-11 13:58:07.0000",,,,,
"2024-04-11 14:00:00.0000",17.83,54.63,2.40401172637939,8.91794586181641,17.1782321929932
"2024-04-11 14:10:00.0000",17.62,53.1,1.49694883823395,6.19676351547241,15.7144842147827
"2024-04-11 14:20:00.0000",17.37,54.3,1.17640459537506,3.98271465301514,7.78957366943359
"2024-04-11 14:14:36.0000",,,,,
"2024-04-11 14:30:00.0000",17.14,55.71,1.13944625854492,4.70584392547607,20.1396217346191
"2024-04-11 14:40:00.0000",16.73,57.48,1.27136778831482,4.48116302490234,16.0137805938721
"2024-04-11 14:32:05.0000",,,,,
"2024-04-11 14:50:00.0000",16.84,58.09,1.45719969272614,4.89374828338623,14.4210395812988
"2024-04-11 14:49:35.0000",,,,,
"2024-04-11 15:10:00.0000",16.94,58.82,1.40584051609039,5.74126958847046,14.0371437072754
"2024-04-11 15:00:00.0000",16.87,57.63,1.53391230106354,6.05079126358032,28.9976043701172
"2024-04-11 15:08:17.0000",,,,,
"2024-04-11 15:20:00.0000",16.82,59.46,1.28796243667603,4.73489284515381,13.7046880722046
"2024-04-11 15:24:35.0000",,,,,
"2024-04-11 15:30:00.0000",16.62,60.34,1.00154876708984,3.89582872390747,8.51843452453613
"2024-04-11 15:40:00.0000",16.51,61.32,1.25410902500153,4.91653251647949,10.8096380233765
"2024-04-11 15:42:03.0000",,,,,
"2024-04-11 15:50:00.0000",16.5,62.3,1.33735287189484,4.96513938903809,16.3459377288818
"2024-04-11 16:00:00.0000",16.44,64.38,1.22211742401123,4.41639518737793,10.8011999130249
"2024-04-11 15:59:33.0000",,,,,
"2024-04-11 16:10:00.0000",16.16,65.03,0.971841156482697,3.76303195953369,10.2957057952881
"2024-04-11 16:20:00.0000",15.94,66.83,1.3599681854248,4.31466579437256,12.1292123794556
"2024-04-11 16:18:00.0000",,,,,
"2024-04-11 16:40:00.0000",15.36,69.79,1.9488433599472,6.86485290527344,16.4005546569824
"2024-04-11 16:30:00.0000",15.63,68.44,1.50778114795685,5.89150238037109,13.7549819946289
"2024-04-11 16:34:33.0000",,,,,
"2024-04-11 16:50:00.0000",15.31,70.38,2.31542706489563,8.68556690216064,31.8563499450684
"2024-04-11 16:52:03.0000",,,,,
"2024-04-11 17:00:00.0000",15.16,72.14,2.35320925712585,8.5825252532959,18.0080165863037
"2024-04-11 17:10:00.0000",15.04,75.43,2.28530955314636,8.67684364318848,17.8949375152588
"2024-04-11 17:09:33.0000",,,,,
"2024-04-11 17:20:00.0000",14.51,77.63,2.19787383079529,8.74081993103027,17.4325408935547
"2024-04-11 17:30:00.0000",14.52,76.33,2.5302586555481,9.86371421813965,26.9644451141357
"2024-04-11 17:28:03.0000",,,,,
"2024-04-11 17:40:00.0000",14.55,77.51,2.19065737724304,6.70345830917358,13.2271327972412
"2024-04-11 17:50:00.0000",14.5,77.27,2.15285444259644,6.87329149246216,16.8514556884766
"2024-04-11 17:44:31.0000",,,,,
"2024-04-11 18:00:00.0000",14.48,78.02,2.69219613075256,8.22748947143555,18.7935523986816
"2024-04-11 18:02:01.0000",,,,,
"2024-04-11 18:10:00.0000",14.48,78.07,2.42280745506287,8.25060749053955,22.3655204772949
"2024-04-11 18:20:00.0000",14.53,79.13,1.93027591705322,6.35369110107422,22.2682018280029
"2024-04-11 18:19:32.0000",,,,,
"2024-04-11 18:30:00.0000",14.59,78.67,2.06331419944763,6.75316047668457,19.0043411254883
"2024-04-11 18:40:00.0000",14.63,79.11,1.7154746055603,5.70474100112915,14.6934261322021
"2024-04-11 18:38:00.0000",,,,,
"2024-04-11 18:50:00.0000",14.68,79.59,1.33645975589752,3.86811709403992,14.9594230651855
"2024-04-11 18:54:36.0000",,,,,
"2024-04-11 19:00:00.0000",14.72,80.31,1.16028153896332,4.03996706008911,10.7662296295166
"2024-04-11 19:10:00.0000",14.82,80.06,0.976001083850861,2.49279165267944,5.3806324005127
"2024-04-11 19:12:05.0000",,,,,
"2024-04-11 19:20:00.0000",14.89,80.31,0.655382871627808,1.58602166175842,4.01833295822144
"2024-04-11 19:30:00.0000",15.07,78.89,0.338141351938248,0.648438394069672,2.86164832115173
"2024-04-11 19:40:00.0000",15.15,77.44,0.292110353708267,0.751120388507843,7.28868770599365
"2024-04-11 19:29:34.0000",,,,,
"2024-04-11 19:50:00.0000",15.16,76.96,0.360152989625931,0.724696755409241,3.07229423522949
"2024-04-11 19:47:59.0000",,,,,
"2024-04-11 20:00:00.0000",15.23,74.83,0.188815623521805,0.394915282726288,4.78390693664551
"2024-04-11 20:10:00.0000",15.19,74.31,0.102515153586864,0.147700294852257,2.30785417556763
"2024-04-11 20:04:33.0000",,,,,
"2024-04-11 20:20:00.0000",15.16,73.46,0.116499200463295,0.527412176132202,3.99790000915527
"2024-04-11 20:22:04.0000",,,,,
"2024-04-11 20:40:00.0000",15.05,73.46,0.28358668088913,0.722303986549377,5.27494478225708
"2024-04-11 20:30:00.0000",15.13,73.59,0.123266629874706,0.285441160202026,2.56562542915344
"2024-04-11 20:39:31.0000",,,,,
"2024-04-11 20:50:00.0000",14.96,73.29,0.080666683614254,0.10612178593874,2.26570606231689
"2024-04-11 21:00:00.0000",14.93,73.41,0.383161187171936,0.704593598842621,3.21890640258789
"2024-04-11 21:10:00.0000",14.91,73.39,0.154410198330879,0.45101198554039,2.79715585708618
"2024-04-11 20:58:04.0000",,,,,
"2024-04-11 21:20:00.0000",14.87,73.53,0.278181165456772,0.894115269184113,3.91885304450989
"2024-04-11 21:14:30.0000",,,,,
"2024-04-11 21:30:00.0000",14.88,73.87,0.306468397378922,0.832567691802979,3.28558588027954
"2024-04-11 21:40:00.0000",14.84,74.51,0.730068683624268,1.5608149766922,5.91145944595337
"2024-04-11 21:32:02.0000",,,,,
"2024-04-11 21:50:00.0000",14.84,74.66,0.55678790807724,1.53855872154236,4.43744087219238
"2024-04-11 21:49:31.0000",,,,,
"2024-04-11 22:00:00.0000",14.87,74.99,0.383411258459091,1.26621353626251,4.91690826416016
"2024-04-11 22:10:00.0000",14.78,75.12,0.412801027297974,1.64878797531128,4.65197467803955
"2024-04-11 22:08:02.0000",,,,,
"2024-04-11 22:20:00.0000",14.72,75.62,0.607073366641998,2.1206214427948,6.30614995956421
"2024-04-11 22:24:29.0000",,,,,
"2024-04-11 22:30:00.0000",14.61,75.5,0.787250518798828,2.429842710495,5.46901369094849
"2024-04-11 22:40:00.0000",14.51,75.05,0.961299657821655,2.98659491539001,9.08348846435547
"2024-04-11 22:42:00.0000",,,,,
"2024-04-11 22:50:00.0000",14.35,75.23,0.964482724666595,3.78462386131287,10.2705860137939
"2024-04-11 23:00:00.0000",14.26,75.33,1.24352622032166,4.60430908203125,11.8504323959351
"2024-04-11 22:59:33.0000",,,,,
"2024-04-11 23:10:00.0000",14.22,74.68,1.29179155826569,4.65909481048584,10.5422649383545
"2024-04-11 23:20:00.0000",14.24,74.22,1.21789371967316,4.12238168716431,10.1919050216675
"2024-04-11 23:17:59.0000",,,,,
"2024-04-11 23:30:00.0000",14.26,74.27,1.18314290046692,3.94153046607971,12.5944385528564
"2024-04-11 23:40:00.0000",14.34,73.95,1.23963391780853,3.68232202529907,7.35130500793457
"2024-04-11 23:34:33.0000",,,,,
"2024-04-11 23:50:00.0000",14.2,74.42,1.0248783826828,3.73006749153137,8.64479446411133
"2024-04-11 23:52:04.0000",,,,,
"2024-04-12 00:10:00.0000",13.93,71.78,0.479439079761505,1.9147025346756,4.89093446731567
"2024-04-12 00:00:00.0000",14.1,73.53,1.02157330513,3.36234831809998,8.74441719055176
"2024-04-12 00:09:32.0000",,,,,
"2024-04-12 00:20:00.0000",13.61,70.69,0.504822432994843,1.71206140518188,4.67059707641602
"2024-04-12 00:30:00.0000",13.43,70.5,0.422837793827057,1.43066596984863,4.47411251068115
"2024-04-12 00:40:00.0000",13.1,68.44,0.291699320077896,1.06713235378265,4.29633665084839
"2024-04-12 00:28:04.0000",,,,,
"2024-04-12 00:50:00.0000",12.91,68.69,0.286424547433853,0.893334090709686,4.11643886566162
"2024-04-12 00:44:32.0000",,,,,
"2024-04-12 01:00:00.0000",12.83,68.29,0.262924581766129,0.870514392852783,7.44230890274048
"2024-04-12 01:10:00.0000",12.73,68.04,0.292100548744202,0.971437633037567,4.8501558303833
"2024-04-12 01:02:01.0000",,,,,
"2024-04-12 01:20:00.0000",12.65,68.45,0.41888815164566,2.01883101463318,9.33231067657471
"2024-04-12 01:19:31.0000",,,,,
"2024-04-12 01:30:00.0000",12.56,68.56,0.129748180508614,0.701792359352112,3.9327564239502
"2024-04-12 01:40:00.0000",12.52,68.52,0.281138151884079,1.03490698337555,3.51309251785278
"2024-04-12 01:38:01.0000",,,,,
"2024-04-12 01:50:00.0000",12.56,68.07,0.178436577320099,0.535469114780426,2.7818922996521
"2024-04-12 01:54:29.0000",,,,,
"2024-04-12 02:00:00.0000",12.56,67.96,0.190471723675728,0.619891345500946,3.00466084480286
"2024-04-12 02:10:00.0000",12.6,67.45,1.51123595237732,4.56685304641724,10.3252592086792
"2024-04-12 02:12:01.0000",,,,,
"2024-04-12 02:20:00.0000",12.62,67.49,0.152294620871544,0.663316786289215,3.3935182094574
"2024-04-12 02:30:00.0000",12.55,68.3,0.191097065806389,0.710302829742432,9.91750621795654
"2024-04-12 02:40:00.0000",12.5,67.95,0.211674973368645,0.754263460636139,3.48531317710876
"2024-04-12 02:29:30.0000",,,,,
"2024-04-12 02:50:00.0000",12.44,68.22,0.152059689164162,0.532374382019043,3.27142024040222
"2024-04-12 02:48:00.0000",,,,,
"2024-04-12 03:00:00.0000",12.33,68.28,0.149539142847061,0.588625967502594,3.05906510353088
"2024-04-12 03:10:00.0000",12.29,69.17,0.118188306689262,0.346304059028625,2.58095026016235
"2024-04-12 03:04:30.0000",,,,,
"2024-04-12 03:20:00.0000",12.27,68.98,0.131967961788177,0.413217127323151,2.63316798210144
"2024-04-12 03:22:02.0000",,,,,
"2024-04-12 03:40:00.0000",12.02,68.07,1.11921644210815,4.52843952178955,10.6295366287231
"2024-04-12 03:30:00.0000",12.18,68.73,0.114735595881939,0.505624890327454,3.11906266212463
"2024-04-12 03:39:33.0000",,,,,
"2024-04-12 03:50:00.0000",11.92,67.98,1.24931740760803,5.95504665374756,15.2099618911743
"2024-04-12 04:00:00.0000",11.84,68.02,1.15618634223938,4.6459436416626,9.8355188369751
"2024-04-12 03:58:04.0000",,,,,
"2024-04-12 04:10:00.0000",11.74,68.88,0.944227993488312,4.63210391998291,13.3457441329956
"2024-04-12 04:20:00.0000",11.74,69.65,0.816266536712646,3.38741326332092,8.91473960876465
"2024-04-12 04:14:26.0000",,,,,
"2024-04-12 04:30:00.0000",11.7,70.91,0.696614861488342,3.25818634033203,8.2362642288208
"2024-04-12 04:31:57.0000",,,,,
"2024-04-12 04:40:00.0000",11.6,70.76,0.995606303215027,4.72218418121338,9.65461254119873
"2024-04-12 04:50:00.0000",11.69,70.5,0.698250710964203,3.58787965774536,9.92280673980713
"2024-04-12 04:49:26.0000",,,,,
"2024-04-12 05:00:00.0000",11.72,70.69,0.673630177974701,1.93893849849701,4.50270128250122
"2024-04-12 05:10:00.0000",11.77,70.2,0.447802484035492,1.98393106460571,5.70100784301758
"2024-04-12 05:07:58.0000",,,,,
"2024-04-12 05:20:00.0000",11.97,69.43,0.602941930294037,2.36279439926147,6.16274929046631
"2024-04-12 05:24:30.0000",,,,,
"2024-04-12 05:30:00.0000",11.93,69.61,0.714965224266052,2.64456248283386,6.39954948425293
"2024-04-12 05:40:00.0000",12.02,68.82,0.838809669017792,4.52855634689331,14.3376722335815
"2024-04-12 05:42:01.0000",,,,,
"2024-04-12 05:50:00.0000",12.01,69.14,0.741907894611359,3.86428380012512,12.1743202209473
"2024-04-12 06:00:00.0000",12.13,68.54,1.17580413818359,5.00121784210205,13.1541576385498
"2024-04-12 05:59:29.0000",,,,,
"2024-04-12 06:10:00.0000",12.18,68.68,0.876104950904846,3.77756857872009,8.77740955352783
"2024-04-12 06:20:00.0000",12.16,68.87,0.764629006385803,3.90982007980347,12.4543209075928
"2024-04-12 06:17:57.0000",,,,,
"2024-04-12 06:30:00.0000",12.04,69.51,1.04922044277191,4.77007436752319,14.1083240509033
"2024-04-12 06:40:00.0000",11.93,69.86,1.05144083499908,5.056556224823,12.6537408828735
"2024-04-12 06:34:29.0000",,,,,
"2024-04-12 06:50:00.0000",11.87,70.42,1.21616458892822,5.28141260147095,16.4196453094482
"2024-04-12 06:51:58.0000",,,,,
"2024-04-12 07:10:00.0000",11.94,70.79,0.994066715240479,4.71963405609131,11.635498046875
"2024-04-12 07:00:00.0000",11.84,70.7,1.19848573207855,5.16560029983521,15.0226936340332
"2024-04-12 07:09:29.0000",,,,,
"2024-04-12 07:20:00.0000",11.98,71.04,1.08857369422913,5.09760999679565,12.6674861907959
"2024-04-12 07:27:54.0000",,,,,
"2024-04-12 07:30:00.0000",12.03,70.89,1.37519073486328,6.53372192382812,18.8642578125
"2024-04-12 07:40:00.0000",12.12,70.92,1.10879623889923,3.93616604804993,7.28769779205322
"2024-04-12 07:50:00.0000",12.22,70.44,0.857487738132477,4.00062274932861,10.3886775970459
"2024-04-12 07:44:28.0000",,,,,
"2024-04-12 08:00:00.0000",12.37,70.82,1.07178437709808,4.78219985961914,27.1189498901367
"2024-04-12 08:10:00.0000",12.48,70.51,0.876430690288544,3.61294937133789,7.75194692611694
"2024-04-12 08:01:58.0000",,,,,
"2024-04-12 08:20:00.0000",12.58,70.07,0.895278334617615,4.08733606338501,10.9952096939087
"2024-04-12 08:19:27.0000",,,,,
"2024-04-12 08:30:00.0000",12.66,70.06,1.13845264911652,5.23324298858643,12.7795877456665
"2024-04-12 08:40:00.0000",12.79,69.97,0.910624861717224,3.75339078903198,8.75020217895508
"2024-04-12 08:37:57.0000",,,,,
"2024-04-12 08:50:00.0000",12.93,69.63,1.01536881923676,4.15343141555786,11.8732070922852
"2024-04-12 08:54:25.0000",,,,,
"2024-04-12 09:00:00.0000",13.01,69.18,0.991359174251556,4.83733510971069,14.272159576416
"2024-04-12 09:10:00.0000",13.12,68.98,1.0777302980423,4.74568557739258,10.1368417739868
"2024-04-12 09:11:56.0000",,,,,
"2024-04-12 09:20:00.0000",13.27,68.68,1.61753380298615,5.87341690063477,22.6936798095703
"2024-04-12 09:30:00.0000",13.49,68.11,1.28622996807098,5.98953342437744,17.8966121673584
"2024-04-12 09:29:26.0000",,,,,
"2024-04-12 09:40:00.0000",13.38,67.88,1.31454849243164,5.30275678634644,13.6061172485352
"2024-04-12 09:50:00.0000",13.52,67.35,1.85977423191071,7.77350854873657,20.2978057861328
"2024-04-12 09:47:56.0000",,,,,
"2024-04-12 10:10:00.0000",13.67,67.31,1.81204700469971,8.31049251556396,16.9296817779541
"2024-04-12 10:00:00.0000",13.66,67.45,1.76803958415985,7.53570365905762,23.0373878479004
"2024-04-12 10:04:29.0000",,,,,
"2024-04-12 10:20:00.0000",13.9,67.32,2.22717356681824,9.49108219146729,16.0642604827881
"2024-04-12 10:21:59.0000",,,,,
"2024-04-12 10:30:00.0000",14.06,66.49,2.24060297012329,10.3496809005737,28.7004261016846
"2024-04-12 10:40:00.0000",13.95,66.14,2.44385933876038,11.4220314025879,27.9498500823975
"2024-04-12 10:39:30.0000",,,,,
"2024-04-12 10:50:00.0000",14.32,65.88,2.24369645118713,10.8568429946899,22.2382221221924
"2024-04-12 10:57:55.0000",,,,,
"2024-04-12 11:00:00.0000",14.64,64.62,2.04997277259827,9.02057838439941,17.7526206970215
"2024-04-12 11:10:00.0000",14.83,63.15,2.2814245223999,11.2195024490356,24.8299808502197
"2024-04-12 10:59:26.0000",,,,,
"2024-04-12 11:20:00.0000",14.84,62.63,1.9467077255249,8.84535121917725,19.7441120147705
"2024-04-12 11:14:29.0000",,,,,
"2024-04-12 11:30:00.0000",15.04,61.92,1.87336039543152,8.01722145080566,15.4303169250488
"2024-04-12 11:31:56.0000",,,,,
"2024-04-12 11:40:00.0000",15.25,61.91,2.07648468017578,8.71979236602783,19.072151184082
"2024-04-12 11:50:00.0000",15.71,60.23,1.80423152446747,7.40280294418335,13.569896697998
"2024-04-12 11:49:26.0000",,,,,
"2024-04-12 12:10:00.0000",16.11,59,2.59088802337646,10.6051378250122,33.9698944091797
"2024-04-12 12:00:00.0000",15.9,58.45,1.82001090049744,7.06455278396606,13.1752872467041
"2024-04-12 12:07:57.0000",,,,,
"2024-04-12 12:20:00.0000",16.4,56.41,1.98848402500153,8.93359756469727,21.556266784668
"2024-04-12 12:30:00.0000",16.62,56.16,1.97514307498932,7.9228343963623,17.5275020599365
"2024-04-12 12:24:26.0000",,,,,
"2024-04-12 12:40:00.0000",16.48,55.72,2.15086841583252,9.9668083190918,31.4489345550537
"2024-04-12 12:41:55.0000",,,,,
"2024-04-12 12:50:00.0000",16.3,56.38,1.92390239238739,9.14273071289062,24.980188369751
"2024-04-12 13:00:00.0000",16.18,56.2,1.97176539897919,8.56860256195068,24.902099609375
"2024-04-12 12:59:25.0000",,,,,
"2024-04-12 13:10:00.0000",16.5,56.3,2.11677646636963,9.32498836517334,22.5004978179932
"2024-04-12 13:20:00.0000",16.68,55.66,2.45735502243042,9.16416645050049,33.986385345459
"2024-04-12 13:17:55.0000",,,,,
"2024-04-12 13:30:00.0000",16.51,55.74,2.38730502128601,9.64098834991455,19.870475769043
"2024-04-12 13:40:00.0000",16.68,54.75,2.20303010940552,8.88578128814697,21.2940979003906
"2024-04-12 13:34:24.0000",,,,,
"2024-04-12 13:50:00.0000",17.17,53.54,1.91159462928772,7.7994499206543,17.1518592834473
"2024-04-12 13:51:56.0000",,,,,
"2024-04-12 14:00:00.0000",16.78,51.94,1.77092206478119,6.93944120407104,16.5010204315186
"2024-04-12 14:10:00.0000",16.57,53.39,3.33582425117493,9.57004928588867,22.7062511444092
"2024-04-12 14:09:28.0000",,,,,
"2024-04-12 14:20:00.0000",16.51,49.58,2.01713228225708,7.90210294723511,32.3750953674316
"2024-04-12 14:27:54.0000",,,,,
"2024-04-12 14:30:00.0000",16.2,46.81,1.74997282028198,6.11243534088135,13.3259248733521
"2024-04-12 14:40:00.0000",15.97,44.78,1.68790113925934,5.9958381652832,11.1623754501343
"2024-04-12 14:50:00.0000",16.02,45.88,2.18064904212952,7.70160675048828,18.1542987823486
"2024-04-12 14:44:28.0000",,,,,
"2024-04-12 15:00:00.0000",15.89,46.2,1.81293332576752,7.47264432907104,17.0719928741455
"2024-04-12 15:01:58.0000",,,,,
"2024-04-12 15:10:00.0000",15.95,46.1,1.66903471946716,6.42473125457764,15.1459245681763
"2024-04-12 15:20:00.0000",15.86,47.32,1.8630793094635,7.56259250640869,26.0178890228271
"2024-04-12 15:19:28.0000",,,,,
"2024-04-12 15:30:00.0000",15.89,47.46,1.93114721775055,7.02953863143921,28.0479907989502
"2024-04-12 15:40:00.0000",15.94,47.61,2.09929895401001,7.9239821434021,18.1920967102051
"2024-04-12 15:37:59.0000",,,,,
"2024-04-12 15:50:00.0000",16.01,47.08,1.83760035037994,6.66014671325684,17.9481334686279
"2024-04-12 15:54:26.0000",,,,,
"2024-04-12 16:00:00.0000",16.32,47.8,2.01018857955933,6.58227777481079,13.8272571563721
"2024-04-12 16:10:00.0000",16.61,46.15,1.71430480480194,6.91429710388184,17.1423740386963
"2024-04-12 16:11:57.0000",,,,,
"2024-04-12 16:20:00.0000",16.55,43.63,1.48008584976196,5.38250064849854,10.0701923370361
"2024-04-12 16:30:00.0000",16.48,40.51,1.34584248065948,5.42888021469116,13.0830402374268
"2024-04-12 16:29:25.0000",,,,,
"2024-04-12 16:40:00.0000",16.56,39.97,1.39882481098175,5.81378078460693,17.0861930847168
"2024-04-12 16:50:00.0000",16.51,36.53,1.35631573200226,4.65645790100098,12.3458805084229
"2024-04-12 16:47:56.0000",,,,,
"2024-04-12 17:00:00.0000",16.77,37.06,1.56376433372498,5.66664505004883,15.4733581542969
"2024-04-12 17:10:00.0000",16.75,38.29,1.6020747423172,5.46926069259644,10.6985712051392
"2024-04-12 17:04:26.0000",,,,,
"2024-04-12 17:20:00.0000",16.54,38.61,1.58190071582794,6.01399374008179,12.7664928436279
"2024-04-12 17:21:55.0000",,,,,
"2024-04-12 17:30:00.0000",16.74,40.06,1.60612595081329,5.50755834579468,10.6621103286743
"2024-04-12 17:40:00.0000",17.1,41.89,2.06390380859375,7.19164419174194,12.8053817749023
"2024-04-12 17:39:24.0000",,,,,
"2024-04-12 17:50:00.0000",17.22,42.77,1.74053156375885,6.30260467529297,10.1768531799316
"2024-04-12 17:57:49.0000",,,,,
"2024-04-12 18:00:00.0000",17.18,43.38,1.93982982635498,8.22094345092773,16.4535007476807
"2024-04-12 18:10:00.0000",16.88,44.52,1.94886004924774,7.14710426330566,15.4883289337158
"2024-04-12 18:20:00.0000",16.04,46.57,1.86356472969055,7.12635278701782,16.1622695922852
"2024-04-12 18:14:24.0000",,,,,
"2024-04-12 18:30:00.0000",15.51,48.64,2.15534377098083,9.23654079437256,18.1004390716553
"2024-04-12 18:40:00.0000",15.22,49.89,2.70817255973816,9.93315315246582,17.578914642334
"2024-04-12 18:31:52.0000",,,,,
"2024-04-12 18:50:00.0000",14.86,51.42,2.62290477752686,9.52727508544922,19.4527072906494
"2024-04-12 19:00:00.0000",14.7,51.96,2.17242360115051,8.97970390319824,17.9875469207764
"2024-04-12 18:49:21.0000",,,,,
"2024-04-12 19:10:00.0000",14.67,52.1,2.63094401359558,9.59684944152832,20.720947265625
"2024-04-12 19:07:53.0000",,,,,
"2024-04-12 19:20:00.0000",14.48,52.23,2.34016275405884,9.1408052444458,20.0213832855225
"2024-04-12 19:24:22.0000",,,,,
"2024-04-12 19:30:00.0000",14.48,51.81,2.08748960494995,8.00831127166748,18.0339298248291
"2024-04-12 19:40:00.0000",14.42,51.98,2.24792170524597,10.4565210342407,24.7437324523926
"2024-04-12 19:41:51.0000",,,,,
"2024-04-12 19:50:00.0000",14.33,52.39,2.08305525779724,9.32973098754883,33.0281028747559
"2024-04-12 20:00:00.0000",14.11,53.7,2.19159078598022,10.2445774078369,28.4309902191162
"2024-04-12 20:10:00.0000",14.07,54.82,2.47758865356445,10.0893697738647,17.9111499786377
"2024-04-12 19:59:22.0000",,,,,
"2024-04-12 20:20:00.0000",14,55.41,2.39496231079102,10.2950372695923,23.8666343688965
"2024-04-12 20:17:53.0000",,,,,
"2024-04-12 20:30:00.0000",13.93,56.26,2.22781944274902,9.18497180938721,17.6591663360596
"2024-04-12 20:40:00.0000",13.78,58.24,2.35033941268921,10.6179275512695,23.5230178833008
"2024-04-12 20:34:25.0000",,,,,
"2024-04-12 20:50:00.0000",13.7,58.28,2.2231285572052,9.38220119476318,19.4038791656494
"2024-04-12 20:51:55.0000",,,,,
"2024-04-12 21:00:00.0000",13.67,58.68,2.8683078289032,11.6458425521851,29.555965423584
"2024-04-12 21:10:00.0000",13.53,60.66,2.30100536346436,8.95896434783936,20.4814128875732
"2024-04-12 21:09:25.0000",,,,,
"2024-04-12 21:20:00.0000",13.45,61.46,2.28672504425049,9.71783351898193,19.238468170166
"2024-04-12 21:27:50.0000",,,,,
"2024-04-12 21:30:00.0000",13.37,62.15,2.52277970314026,11.2955780029297,21.7582225799561
"2024-04-12 21:40:00.0000",13.3,62.63,2.18395304679871,9.94145679473877,23.7333297729492
"2024-04-12 21:50:00.0000",13.28,63.29,2.26177930831909,9.80065536499023,19.125560760498
"2024-04-12 21:44:24.0000",,,,,
"2024-04-12 22:00:00.0000",13.22,63.7,2.40708422660828,10.5186443328857,21.3598136901855
"2024-04-12 22:01:53.0000",,,,,
"2024-04-12 22:10:00.0000",13.06,65.38,2.07439208030701,10.2898626327515,20.8911876678467
"2024-04-12 22:20:00.0000",12.94,66.1,2.34449291229248,11.6750478744507,21.4059162139893
"2024-04-12 22:19:22.0000",,,,,
"2024-04-12 22:30:00.0000",12.82,66.38,2.57514667510986,11.471794128418,25.7255687713623
"2024-04-12 22:40:00.0000",12.74,67.08,2.52280330657959,11.4617128372192,29.2568550109863
"2024-04-12 22:37:53.0000",,,,,
"2024-04-12 22:50:00.0000",12.69,67.78,3.06258773803711,12.4697275161743,23.7305603027344
"2024-04-12 22:54:23.0000",,,,,
"2024-04-12 23:00:00.0000",12.62,68.18,2.39852142333984,11.6536445617676,24.82395362854
"2024-04-12 23:10:00.0000",12.53,68.99,2.55686116218567,13.4867696762085,30.3390197753906
"2024-04-12 23:11:52.0000",,,,,
"2024-04-12 23:20:00.0000",12.48,69.47,2.33006143569946,11.4424390792847,23.3252372741699
"2024-04-12 23:30:00.0000",12.48,69.92,2.52702713012695,13.0733947753906,31.0268077850342
"2024-04-12 23:40:00.0000",12.38,70.98,2.23753261566162,11.3571815490723,24.3975143432617
"2024-04-12 23:29:22.0000",,,,,
"2024-04-12 23:50:00.0000",12.36,70.88,2.01037740707397,10.4788541793823,23.8756141662598
"2024-04-12 23:47:52.0000",,,,,
"2024-04-13 00:00:00.0000",12.32,71.35,2.10363435745239,11.7076921463013,34.3191871643066
"2024-04-13 00:10:00.0000",12.26,70.99,2.11789417266846,11.9200992584229,26.1544418334961
"2024-04-13 00:04:21.0000",,,,,
"2024-04-13 00:20:00.0000",12.17,71.5,2.30253767967224,12.9087409973145,34.2524604797363
"2024-04-13 00:21:50.0000",,,,,
"2024-04-13 00:30:00.0000",12.11,72.33,2.1852490901947,10.260365486145,24.2499752044678
"2024-04-13 00:40:00.0000",12.09,72.78,1.82176148891449,9.33565330505371,21.890983581543
"2024-04-13 00:39:20.0000",,,,,
"2024-04-13 00:50:00.0000",12.13,72.61,1.59446620941162,7.90116167068481,18.0290603637695
"2024-04-13 00:57:51.0000",,,,,
"2024-04-13 01:00:00.0000",12.04,73.15,1.61683237552643,7.44164037704468,20.203987121582
"2024-04-13 01:10:00.0000",11.97,73.63,1.42488384246826,6.84136438369751,15.2318563461304
"2024-04-13 01:20:00.0000",11.95,73.41,1.18466579914093,5.2605619430542,13.5884780883789
"2024-04-13 01:14:25.0000",,,,,
"2024-04-13 01:30:00.0000",11.86,73.67,1.11318325996399,5.5200891494751,12.934850692749
"2024-04-13 01:40:00.0000",11.81,73.78,1.1975861787796,5.28039741516113,10.3470544815063
"2024-04-13 01:31:54.0000",,,,,
"2024-04-13 01:50:00.0000",11.76,74.12,0.898456931114197,4.19425392150879,9.81882858276367
"2024-04-13 01:49:23.0000",,,,,
"2024-04-13 02:00:00.0000",11.74,74.35,0.863415002822876,4.83150911331177,13.7249059677124
"2024-04-13 02:10:00.0000",11.74,74.61,0.880347192287445,4.31318998336792,8.87732887268066
"2024-04-13 02:07:54.0000",,,,,
"2024-04-13 02:20:00.0000",11.74,74.81,0.757334589958191,3.37765574455261,12.7903919219971
"2024-04-13 02:24:22.0000",,,,,
"2024-04-13 02:30:00.0000",11.77,74.84,0.763254880905151,3.52398777008057,9.43015384674072
"2024-04-13 02:40:00.0000",11.78,75.02,0.601102411746979,2.56620049476624,8.33492183685303
"2024-04-13 02:41:51.0000",,,,,
"2024-04-13 02:50:00.0000",11.74,75.18,0.788780808448792,3.13388657569885,8.85957527160645
"2024-04-13 03:00:00.0000",11.72,74.91,0.641772568225861,3.19488096237183,11.7635154724121
"2024-04-13 02:59:22.0000",,,,,
"2024-04-13 03:10:00.0000",11.73,75.41,0.697289049625397,2.58198308944702,9.5071439743042
"2024-04-13 03:20:00.0000",11.77,75.27,0.473357051610947,2.20715308189392,8.27841377258301
"2024-04-13 03:17:53.0000",,,,,
"2024-04-13 03:30:00.0000",11.87,75.26,0.478092133998871,1.75395917892456,4.47219944000244
"2024-04-13 03:40:00.0000",11.91,75.06,0.430662393569946,2.05417919158936,6.42625713348389
"2024-04-13 03:34:21.0000",,,,,
"2024-04-13 03:50:00.0000",11.98,74.62,0.408813774585724,1.82002007961273,4.96445941925049
"2024-04-13 03:51:51.0000",,,,,
"2024-04-13 04:00:00.0000",11.96,74.35,0.418815851211548,1.90522074699402,5.50669145584106
"2024-04-13 04:10:00.0000",11.93,74.34,0.554336547851562,2.32376527786255,7.40599346160889
"2024-04-13 04:09:21.0000",,,,,
"2024-04-13 04:20:00.0000",11.86,74.85,0.370492458343506,1.29865562915802,5.00128793716431
"2024-04-13 04:27:50.0000",,,,,
"2024-04-13 04:30:00.0000",11.84,75.1,0.332863599061966,1.30196285247803,10.7667970657349
"2024-04-13 04:40:00.0000",11.77,75.47,0.388948529958725,1.87866246700287,8.06503772735596
"2024-04-13 04:50:00.0000",11.74,75.67,0.405279755592346,1.40623927116394,8.6029052734375
"2024-04-13 04:44:21.0000",,,,,
"2024-04-13 05:00:00.0000",11.64,75.11,0.470141708850861,1.77402782440186,7.22082853317261
"2024-04-13 05:10:00.0000",11.52,74.89,0.504034876823425,1.83876180648804,5.12805509567261
"2024-04-13 05:01:55.0000",,,,,
"2024-04-13 05:20:00.0000",11.39,75.14,0.621078908443451,2.154301404953,5.74122905731201
"2024-04-13 05:19:24.0000",,,,,
"2024-04-13 05:30:00.0000",11.35,77.05,0.478342205286026,2.49655055999756,7.28836536407471
"2024-04-13 05:40:00.0000",11.64,76.25,0.308957070112228,1.44327259063721,9.37607574462891
"2024-04-13 05:37:54.0000",,,,,
"2024-04-13 05:50:00.0000",11.71,76.17,0.495835870504379,2.20087337493896,10.0978164672852
"2024-04-13 05:54:22.0000",,,,,
"2024-04-13 06:00:00.0000",11.53,75.99,0.938073456287384,3.28064727783203,9.03578853607178
"2024-04-13 06:10:00.0000",11.3,75.75,1.38651943206787,5.85947227478027,15.1058311462402
"2024-04-13 06:11:51.0000",,,,,
"2024-04-13 06:20:00.0000",11.24,76.1,1.5709068775177,7.48960781097412,18.1672611236572
"2024-04-13 06:30:00.0000",11.26,76.39,1.46210038661957,6.88401412963867,15.9334344863892
"2024-04-13 06:29:16.0000",,,,,
"2024-04-13 06:40:00.0000",11.31,76.7,1.2223984003067,5.19949769973755,10.711049079895
"2024-04-13 06:50:00.0000",11.41,76.62,1.10945641994476,4.27707719802856,9.27612972259521
"2024-04-13 06:47:48.0000",,,,,
"2024-04-13 07:00:00.0000",11.56,76.33,1.18395328521729,5.52531671524048,20.0098838806152
"2024-04-13 07:10:00.0000",11.68,76.32,1.4434072971344,6.14630222320557,14.9495334625244
"2024-04-13 07:04:17.0000",,,,,
"2024-04-13 07:20:00.0000",11.8,75.98,1.3154364824295,4.52632570266724,13.6761808395386
"2024-04-13 07:21:51.0000",,,,,
"2024-04-13 07:30:00.0000",12.11,75.65,0.41323259472847,1.24014163017273,3.75498056411743
"2024-04-13 07:40:00.0000",12.47,74.41,0.246798157691956,1.02584624290466,3.61400842666626
"2024-04-13 07:39:21.0000",,,,,
"2024-04-13 07:50:00.0000",12.66,73.08,0.199098229408264,0.660009324550629,3.02914953231812
"2024-04-13 07:57:46.0000",,,,,
"2024-04-13 08:00:00.0000",12.81,71.71,0.273051142692566,0.826684892177582,3.20580983161926
"2024-04-13 08:10:00.0000",12.94,71.09,0.180234640836716,0.711525082588196,3.75011730194092
"2024-04-13 08:20:00.0000",13.04,70.96,0.343913614749908,1.05077040195465,5.65727806091309
"2024-04-13 08:14:19.0000",,,,,
"2024-04-13 08:30:00.0000",13.19,70.37,0.519721329212189,1.32830154895782,7.45669269561768
"2024-04-13 08:40:00.0000",13.27,69.72,0.258688658475876,0.784223973751068,7.5455174446106
"2024-04-13 08:31:49.0000",,,,,
"2024-04-13 08:50:00.0000",13.31,69.24,0.320667743682861,0.941659927368164,8.00179481506348
"2024-04-13 08:49:19.0000",,,,,
"2024-04-13 09:00:00.0000",13.27,68.98,0.353029727935791,1.21775996685028,9.34561443328857
"2024-04-13 09:10:00.0000",13.31,68.54,0.264339625835419,0.968896746635437,5.24023914337158
"2024-04-13 09:07:43.0000",,,,,
"2024-04-13 09:20:00.0000",13.31,69.19,0.320255875587463,0.728913426399231,7.28585290908813
"2024-04-13 09:24:19.0000",,,,,
"2024-04-13 09:30:00.0000",13.54,68.92,0.296641528606415,1.09365737438202,5.94516563415527
"2024-04-13 09:40:00.0000",13.64,68.43,0.243396908044815,1.06930446624756,4.37409019470215
"2024-04-13 09:41:48.0000",,,,,
"2024-04-13 09:50:00.0000",13.67,68.28,0.39269158244133,1.62436926364899,8.64620780944824
"2024-04-13 10:00:00.0000",13.73,67.66,0.219077914953232,0.782570719718933,10.3087024688721
"2024-04-13 09:59:16.0000",,,,,
"2024-04-13 10:10:00.0000",13.53,68,0.390079587697983,1.30897676944733,6.55945730209351
"2024-04-13 10:20:00.0000",13.56,67.97,0.510077655315399,1.62952065467834,12.0289096832275
"2024-04-13 10:17:48.0000",,,,,
"2024-04-13 10:30:00.0000",13.66,67.84,0.642312169075012,2.14677453041077,8.33030319213867
"2024-04-13 10:40:00.0000",13.53,69.85,0.475086778402328,1.03703463077545,3.29969048500061
"2024-04-13 10:34:16.0000",,,,,
"2024-04-13 10:50:00.0000",13.31,70.3,0.198520883917809,0.738879442214966,3.16524291038513
"2024-04-13 10:51:46.0000",,,,,
"2024-04-13 11:10:00.0000",13.09,72.14,0.403169453144073,1.18246245384216,4.58156633377075
"2024-04-13 11:00:00.0000",13.2,71.22,0.359133332967758,1.56837487220764,4.76603364944458
"2024-04-13 10:59:16.0000",,,,,
"2024-04-13 11:09:16.0000",,,,,
"2024-04-13 11:20:00.0000",13.15,72.64,0.306082040071487,1.09921205043793,9.5208044052124
"2024-04-13 11:27:47.0000",,,,,
"2024-04-13 11:30:00.0000",13.36,72.28,0.200197815895081,0.735947549343109,8.37249374389648
"2024-04-13 11:40:00.0000",14.2,70.58,0.357220202684402,1.17283403873444,8.67025089263916
"2024-04-13 11:50:00.0000",14.56,66.89,0.176511541008949,0.374419748783112,3.3752863407135
"2024-04-13 11:44:19.0000",,,,,
"2024-04-13 12:00:00.0000",14.66,66.58,0.331216961145401,1.04667150974274,3.7974681854248
"2024-04-13 12:01:50.0000",,,,,
"2024-04-13 12:10:00.0000",14.34,66.57,0.297934949398041,1.21940994262695,4.97721147537231
"2024-04-13 12:20:00.0000",14.21,67.48,0.268199414014816,0.838695764541626,3.77293872833252
"2024-04-13 12:19:19.0000",,,,,
"2024-04-13 12:30:00.0000",14.06,67.99,0.501049399375916,1.26135849952698,3.65740180015564
"2024-04-13 12:40:00.0000",14.17,68.9,0.738587975502014,2.02796745300293,8.04781436920166
"2024-04-13 12:37:46.0000",,,,,
"2024-04-13 12:50:00.0000",14.6,67.12,0.257576495409012,0.97804057598114,3.53360867500305
"2024-04-13 12:54:18.0000",,,,,
"2024-04-13 13:00:00.0000",14.96,66.07,0.251638233661652,1.02484738826752,8.71581649780273
"2024-04-13 13:10:00.0000",14.54,66.58,0.223911121487617,0.963401675224304,5.01181554794312
"2024-04-13 13:11:48.0000",,,,,
"2024-04-13 13:20:00.0000",14.76,66.13,0.182524740695953,0.674619555473328,3.9279625415802
"2024-04-13 13:30:00.0000",14.86,64.67,0.161924928426743,0.649921059608459,3.10211563110352
"2024-04-13 13:29:18.0000",,,,,
"2024-04-13 13:40:00.0000",15,64.16,0.398022323846817,1.15781092643738,12.309063911438
"2024-04-13 13:50:00.0000",15.25,64.34,0.29775333404541,0.744613170623779,3.10901761054993
"2024-04-13 13:47:48.0000",,,,,
"2024-04-13 14:10:00.0000",15.36,62.95,0.218407347798347,0.636543214321136,4.46756267547607
"2024-04-13 14:00:00.0000",15.09,62.89,0.246415972709656,1.01329779624939,6.39469623565674
"2024-04-13 14:04:17.0000",,,,,
"2024-04-13 14:20:00.0000",15.71,59.43,0.28358781337738,0.810634613037109,3.12729215621948
"2024-04-13 14:21:46.0000",,,,,
"2024-04-13 14:30:00.0000",15.58,57.17,0.289042294025421,1.2218257188797,4.30241537094116
"2024-04-13 14:40:00.0000",15.39,56.95,0.256315857172012,0.659294724464417,2.86303544044495
"2024-04-13 14:39:17.0000",,,,,
"2024-04-13 14:50:00.0000",15.25,56.77,0.659247040748596,3.68874311447144,40.4688186645508
"2024-04-13 14:57:47.0000",,,,,
"2024-04-13 15:00:00.0000",15.54,55.03,0.42157319188118,1.61922907829285,6.51329946517944
"2024-04-13 15:10:00.0000",15.44,52.18,0.43852511048317,1.80342042446136,12.140230178833
"2024-04-13 15:20:00.0000",15.83,52.08,0.806711971759796,3.08339142799377,6.53732776641846
"2024-04-13 15:14:14.0000",,,,,
"2024-04-13 15:30:00.0000",15.64,53.12,0.772715091705322,2.59154891967773,5.52598571777344
"2024-04-13 15:40:00.0000",15.64,53.69,0.803177893161774,2.66174602508545,6.19986820220947
"2024-04-13 15:31:45.0000",,,,,
"2024-04-13 15:50:00.0000",15.22,55.15,0.812182128429413,3.44490599632263,10.0829582214355
"2024-04-13 15:49:20.0000",,,,,
"2024-04-13 16:00:00.0000",14.41,60.69,1.49230897426605,6.99495697021484,22.2921981811523
"2024-04-13 16:10:00.0000",13.18,69.97,1.71079850196838,9.58102703094482,22.7267189025879
"2024-04-13 16:07:45.0000",,,,,
"2024-04-13 16:20:00.0000",11.94,78.24,2.51649188995361,15.4981174468994,45.0083847045898
"2024-04-13 16:24:19.0000",,,,,
"2024-04-13 16:30:00.0000",11.57,82.12,2.7173159122467,17.1346797943115,50.6127319335938
"2024-04-13 16:40:00.0000",11.46,83.11,2.29847311973572,13.4321823120117,34.0032730102539
"2024-04-13 16:41:48.0000",,,,,
"2024-04-13 16:50:00.0000",11.46,81.51,2.97967934608459,15.4156856536865,40.1420516967773
"2024-04-13 17:00:00.0000",11.43,81.99,2.94255423545837,16.2927894592285,31.8366718292236
"2024-04-13 16:59:17.0000",,,,,
"2024-04-13 17:10:00.0000",11.51,80.05,2.51420903205872,12.5231161117554,27.9046077728271
"2024-04-13 17:20:00.0000",11.9,76.71,2.43701696395874,13.1015491485596,32.3725814819336
"2024-04-13 17:17:48.0000",,,,,
"2024-04-13 17:30:00.0000",12.27,74.81,2.71308898925781,12.5531215667725,27.0848121643066
"2024-04-13 17:40:00.0000",12.27,72.09,2.41333317756653,11.0981397628784,26.7530765533447
"2024-04-13 17:34:16.0000",,,,,
"2024-04-13 17:50:00.0000",12.09,70.02,2.32158493995667,13.4982452392578,37.7041168212891
"2024-04-13 17:51:47.0000",,,,,
"2024-04-13 18:00:00.0000",12.03,67.06,2.68476581573486,12.9360427856445,33.1391258239746
"2024-04-13 18:10:00.0000",12.13,64.83,2.58054161071777,13.3793506622314,33.1797065734863
"2024-04-13 18:09:18.0000",,,,,
"2024-04-13 18:20:00.0000",12.16,62.7,2.38279581069946,10.6475858688354,27.9902858734131
"2024-04-13 18:27:48.0000",,,,,
"2024-04-13 18:30:00.0000",12.17,60.24,2.37828469276428,11.471622467041,30.6664543151855
"2024-04-13 18:40:00.0000",12.18,59.56,2.8591251373291,13.1641798019409,33.6775245666504
"2024-04-13 18:50:00.0000",12.25,59.07,2.64792990684509,13.0789613723755,30.9845638275146
"2024-04-13 18:44:15.0000",,,,,
"2024-04-13 19:00:00.0000",12.09,58.05,2.90896582603455,13.5276231765747,30.2959213256836
"2024-04-13 19:01:46.0000",,,,,
"2024-04-13 19:10:00.0000",11.82,59.8,2.86599516868591,14.3568925857544,34.7862319946289
"2024-04-13 19:20:00.0000",11.52,59.47,2.89262437820435,14.3511734008789,37.7767219543457
"2024-04-13 19:19:15.0000",,,,,
"2024-04-13 19:30:00.0000",11.26,60.72,2.30487537384033,11.4744281768799,22.5922908782959
"2024-04-13 19:40:00.0000",11.09,59.28,2.23006057739258,11.7859468460083,28.7323551177979
"2024-04-13 19:37:40.0000",,,,,
"2024-04-13 19:50:00.0000",11.01,60.59,2.46722435951233,12.1386127471924,32.8141288757324
"2024-04-13 19:54:13.0000",,,,,
"2024-04-13 20:00:00.0000",10.89,60.63,2.1790783405304,9.42385578155518,26.1933860778809
"2024-04-13 20:10:00.0000",10.84,60.67,2.42975306510925,12.6409721374512,35.3775978088379
"2024-04-13 20:11:42.0000",,,,,
"2024-04-13 20:20:00.0000",10.76,61.96,2.32172608375549,11.4019727706909,30.7239475250244
"2024-04-13 20:30:00.0000",10.7,61.75,1.94255042076111,9.63161563873291,25.062816619873
"2024-04-13 20:40:00.0000",10.69,61.44,1.95120716094971,9.17166996002197,25.1387405395508
"2024-04-13 20:29:14.0000",,,,,
"2024-04-13 20:50:00.0000",10.65,61.37,2.04257225990295,10.31507396698,28.8451042175293
"2024-04-13 20:47:39.0000",,,,,
"2024-04-13 21:00:00.0000",10.59,61.78,2.54789447784424,10.3963050842285,26.5516700744629
"2024-04-13 21:10:00.0000",10.56,62.69,1.89676415920258,10.3436307907104,30.6799240112305
"2024-04-13 21:04:13.0000",,,,,
"2024-04-13 21:20:00.0000",10.52,62.48,2.13826322555542,9.82733058929443,23.7655448913574
"2024-04-13 21:21:42.0000",,,,,
"2024-04-13 21:30:00.0000",10.49,62.35,5.10731744766235,13.7912263870239,28.876443862915
"2024-04-13 21:40:00.0000",10.48,61.74,1.7626541852951,8.50333309173584,15.9492206573486
"2024-04-13 21:39:11.0000",,,,,
"2024-04-13 21:50:00.0000",10.4,62.04,1.86116802692413,8.88670635223389,23.497896194458
"2024-04-13 21:57:42.0000",,,,,
"2024-04-13 22:00:00.0000",10.3,62.6,1.79363667964935,8.16686344146729,23.3849506378174
"2024-04-13 22:10:00.0000",10.29,63.33,1.89765703678131,10.1251487731934,34.891960144043
"2024-04-13 22:20:00.0000",10.23,63.19,2.17058563232422,10.8395166397095,31.1061496734619
"2024-04-13 22:14:11.0000",,,,,
"2024-04-13 22:30:00.0000",10.19,64.08,2.04907703399658,11.8464660644531,37.8809051513672
"2024-04-13 22:40:00.0000",10.09,64.8,1.89868724346161,9.52095985412598,27.1854686737061
"2024-04-13 22:31:46.0000",,,,,
"2024-04-13 22:50:00.0000",9.93,64.84,2.05269575119019,10.5183362960815,30.884126663208
"2024-04-13 22:49:15.0000",,,,,
"2024-04-13 23:00:00.0000",9.9,63.11,1.69544231891632,9.20081901550293,23.0961894989014
"2024-04-13 23:10:00.0000",9.88,62.64,2.04775047302246,9.40317630767822,24.1641254425049
"2024-04-13 23:07:40.0000",,,,,
"2024-04-13 23:20:00.0000",9.85,61.82,2.07326865196228,9.74613761901855,23.8177433013916
"2024-04-13 23:24:13.0000",,,,,
"2024-04-13 23:30:00.0000",9.8,63.21,1.84821617603302,8.59474945068359,20.7906703948975
"2024-04-13 23:40:00.0000",9.68,63.48,2.07678127288818,9.79912567138672,26.2883987426758
"2024-04-13 23:41:44.0000",,,,,
"2024-04-13 23:50:00.0000",9.62,63.27,2.02653861045837,10.9435701370239,40.2695732116699
"2024-04-14 00:00:00.0000",9.54,63.02,1.93326270580292,10.4396352767944,26.1839866638184
"2024-04-14 00:10:00.0000",9.49,63.39,1.7831197977066,8.38353633880615,29.4367942810059
"2024-04-13 23:59:13.0000",,,,,
"2024-04-14 00:20:00.0000",9.45,63.88,1.90909731388092,10.3609800338745,35.9837646484375
"2024-04-14 00:17:41.0000",,,,,
"2024-04-14 00:40:00.0000",9.27,64.68,2.01827383041382,10.2423610687256,22.6993389129639
"2024-04-14 00:30:00.0000",9.37,64.24,1.94289743900299,9.8175163269043,32.1696357727051
"2024-04-14 00:34:12.0000",,,,,
"2024-04-14 00:50:00.0000",9.22,64.62,2.07845878601074,11.7026596069336,36.5148811340332
"2024-04-14 00:51:42.0000",,,,,
"2024-04-14 01:00:00.0000",9.21,64.79,2.04438900947571,8.96640872955322,16.2608909606934
"2024-04-14 01:10:00.0000",9.13,64.97,1.97808015346527,9.93681716918945,27.6987705230713
"2024-04-14 01:09:12.0000",,,,,
"2024-04-14 01:20:00.0000",9.08,64.85,2.00459837913513,10.3810129165649,27.265552520752
"2024-04-14 01:27:41.0000",,,,,
"2024-04-14 01:30:00.0000",9.02,65.16,2.12662220001221,10.7137308120728,24.0305233001709
"2024-04-14 01:40:00.0000",8.98,65.22,2.22037553787231,10.6026611328125,36.4890403747559
"2024-04-14 01:50:00.0000",8.9,65.55,2.02403712272644,12.0143213272095,32.3067817687988
"2024-04-14 01:44:12.0000",,,,,
"2024-04-14 02:00:00.0000",8.89,66.49,2.06632542610168,10.3253936767578,20.6021022796631
"2024-04-14 02:10:00.0000",8.84,66.48,2.09340262413025,10.5907411575317,22.7259178161621
"2024-04-14 02:01:41.0000",,,,,
"2024-04-14 02:20:00.0000",8.75,66.67,2.23436999320984,10.7153291702271,26.318675994873
"2024-04-14 02:19:11.0000",,,,,
"2024-04-14 02:30:00.0000",8.68,67.04,2.02875137329102,11.018383026123,32.9397850036621
"2024-04-14 02:40:00.0000",8.67,67.58,1.98907864093781,10.1370897293091,22.6557216644287
"2024-04-14 02:37:40.0000",,,,,
"2024-04-14 02:50:00.0000",8.65,67.64,2.22891974449158,12.108678817749,28.5392665863037
"2024-04-14 02:54:14.0000",,,,,
"2024-04-14 03:00:00.0000",8.6,68.07,2.06770420074463,11.1569795608521,25.4846534729004
"2024-04-14 03:10:00.0000",8.68,67.85,2.02557229995728,11.3270387649536,29.1817779541016
"2024-04-14 03:11:43.0000",,,,,
"2024-04-14 03:20:00.0000",8.65,67.79,2.0510151386261,10.2865715026855,26.380672454834
"2024-04-14 03:30:00.0000",8.56,67.55,2.09798908233643,11.2330112457275,28.1318950653076
"2024-04-14 03:29:13.0000",,,,,
"2024-04-14 03:40:00.0000",8.54,67.97,2.02625465393066,11.4266319274902,25.4188652038574
"2024-04-14 03:50:00.0000",8.54,67.66,2.15273022651672,12.8182411193848,35.129810333252
"2024-04-14 03:47:45.0000",,,,,
"2024-04-14 04:00:00.0000",8.49,68.31,2.11470627784729,10.4851293563843,25.3222465515137
"2024-04-14 04:10:00.0000",8.44,68.53,2.2149817943573,11.0601806640625,26.6355934143066
"2024-04-14 04:04:12.0000",,,,,
"2024-04-14 04:20:00.0000",8.44,68.81,2.16745018959045,12.2157392501831,33.696117401123
"2024-04-14 04:21:42.0000",,,,,
"2024-04-14 04:30:00.0000",8.4,68.89,2.06605839729309,10.0892858505249,25.862398147583
"2024-04-14 04:40:00.0000",8.39,69,2.29553079605103,12.4078283309937,26.8096160888672
"2024-04-14 04:39:11.0000",,,,,
"2024-04-14 04:50:00.0000",8.39,69.04,2.35763430595398,12.9978084564209,33.7265815734863
"2024-04-14 04:57:44.0000",,,,,
"2024-04-14 05:00:00.0000",8.34,70.19,2.4670889377594,13.2329254150391,33.0381355285645
"2024-04-14 05:10:00.0000",8.37,70.39,2.5632655620575,13.9691314697266,34.822395324707
"2024-04-14 05:20:00.0000",8.37,70.08,2.42088007926941,14.4435081481934,38.2722473144531
"2024-04-14 05:14:11.0000",,,,,
"2024-04-14 05:30:00.0000",8.36,70.39,2.21441268920898,11.8409843444824,29.931131362915
"2024-04-14 05:40:00.0000",8.31,70.51,2.61190152168274,14.1057224273682,37.0592041015625
"2024-04-14 05:31:40.0000",,,,,
"2024-04-14 05:50:00.0000",8.31,71.3,2.52377223968506,13.025444984436,38.5372467041016
"2024-04-14 05:49:11.0000",,,,,
"2024-04-14 06:10:00.0000",8.19,71.67,2.63645362854004,13.6509599685669,38.2471122741699
"2024-04-14 06:00:00.0000",8.29,71.45,2.63326263427734,13.020604133606,35.1852073669434
"2024-04-14 06:07:41.0000",,,,,
"2024-04-14 06:20:00.0000",8.11,71.8,2.4928662776947,13.6161594390869,35.2380104064941
"2024-04-14 06:24:11.0000",,,,,
"2024-04-14 06:30:00.0000",8.03,70.93,2.37152457237244,12.3663778305054,35.4929618835449
"2024-04-14 06:40:00.0000",8.03,70.93,2.30378246307373,12.8700332641602,40.7392425537109
"2024-04-14 06:41:44.0000",,,,,
"2024-04-14 06:50:00.0000",8.09,71.14,2.36439561843872,13.7334594726562,41.761661529541
"2024-04-14 07:00:00.0000",8.14,70.84,2.29671335220337,11.5268888473511,40.9857521057129
"2024-04-14 07:10:00.0000",8.25,70.19,2.33543705940247,11.988941192627,32.6313056945801
"2024-04-14 06:59:14.0000",,,,,
"2024-04-14 07:20:00.0000",8.32,69.69,2.23299765586853,12.8246955871582,38.9654312133789
"2024-04-14 07:17:44.0000",,,,,
"2024-04-14 07:30:00.0000",8.47,69.35,2.25581526756287,12.4899044036865,36.048885345459
"2024-04-14 07:40:00.0000",8.56,68.46,2.26458787918091,11.2353477478027,28.3710155487061
"2024-04-14 07:34:12.0000",,,,,
"2024-04-14 07:50:00.0000",8.65,68.73,2.27821755409241,11.8797607421875,32.4000282287598
"2024-04-14 07:51:43.0000",,,,,
"2024-04-14 08:00:00.0000",8.76,68.2,2.14906167984009,12.3680095672607,38.8087501525879
"2024-04-14 08:10:00.0000",8.8,67.59,2.38834261894226,11.5371208190918,32.0835952758789
"2024-04-14 08:09:11.0000",,,,,
"2024-04-14 08:20:00.0000",8.9,66.65,2.36470150947571,12.6540412902832,30.6982898712158
"2024-04-14 08:27:38.0000",,,,,
"2024-04-14 08:30:00.0000",9.14,66.05,1.90526592731476,9.59672164916992,23.5614471435547
"2024-04-14 08:40:00.0000",9.29,65.36,2.04067039489746,9.9642333984375,22.2234897613525
"2024-04-14 08:50:00.0000",9.41,64.17,2.39926314353943,11.609546661377,23.4890289306641
"2024-04-14 08:44:07.0000",,,,,
"2024-04-14 09:00:00.0000",9.61,64.14,2.34107303619385,11.3520221710205,26.9424438476562
"2024-04-14 09:10:00.0000",9.84,62.83,2.22815990447998,11.6255779266357,26.3900699615479
"2024-04-14 09:01:42.0000",,,,,
"2024-04-14 09:20:00.0000",9.95,62.4,2.30174946784973,12.4472913742065,38.0346031188965
"2024-04-14 09:19:10.0000",,,,,
"2024-04-14 09:30:00.0000",9.93,61.53,2.34717440605164,11.3660411834717,24.1605205535889
"2024-04-14 09:40:00.0000",10.21,61.32,2.3330249786377,11.5155563354492,27.4123401641846
"2024-04-14 09:37:36.0000",,,,,
"2024-04-14 09:50:00.0000",10.53,60.47,2.08710527420044,8.5310640335083,22.6576480865479
"2024-04-14 09:54:09.0000",,,,,
"2024-04-14 10:00:00.0000",10.53,59.4,2.33326625823975,10.8603477478027,29.1045227050781
"2024-04-14 10:10:00.0000",10.61,57.21,1.92892825603485,9.86547088623047,26.1245517730713
"2024-04-14 10:11:39.0000",,,,,
"2024-04-14 10:20:00.0000",10.58,55.85,1.86344134807587,7.79409408569336,16.8630676269531
"2024-04-14 10:30:00.0000",10.95,55.6,1.84507429599762,7.39156532287598,14.540864944458
"2024-04-14 10:40:00.0000",11.33,52.18,1.72552561759949,8.19090366363525,19.1843891143799
"2024-04-14 10:29:09.0000",,,,,
"2024-04-14 10:50:00.0000",11.55,50.86,1.77035009860992,7.64522695541382,20.1126079559326
"2024-04-14 10:47:34.0000",,,,,
"2024-04-14 11:00:00.0000",11.77,52.18,1.80683887004852,8.2607250213623,22.9490146636963
"2024-04-14 11:10:00.0000",12.43,51.09,1.80830311775208,8.05057048797607,19.450023651123
"2024-04-14 10:59:06.0000",,,,,
"2024-04-14 11:04:09.0000",,,,,
"2024-04-14 11:20:00.0000",13.16,49.23,1.62273609638214,7.7482328414917,20.5020236968994
"2024-04-14 11:21:39.0000",,,,,
"2024-04-14 11:30:00.0000",12.54,48.07,1.63427233695984,6.45528507232666,17.800802230835
"2024-04-14 11:40:00.0000",13.27,47.85,1.42681086063385,5.77692079544067,15.3488426208496
"2024-04-14 11:39:06.0000",,,,,
"2024-04-14 11:50:00.0000",13.46,47.1,1.59535884857178,6.81712007522583,21.1180191040039
"2024-04-14 11:57:38.0000",,,,,
"2024-04-14 12:00:00.0000",13.19,47.62,1.28876340389252,5.80611133575439,16.0019569396973
"2024-04-14 12:10:00.0000",13.02,48.56,1.38382709026337,5.4003005027771,13.1761493682861
"2024-04-14 12:20:00.0000",12.87,49.11,1.43962728977203,5.98971605300903,12.9002695083618
"2024-04-14 12:14:07.0000",,,,,
"2024-04-14 12:30:00.0000",12.9,48.81,1.20372593402863,5.67235469818115,15.1992597579956
"2024-04-14 12:40:00.0000",12.89,49.68,1.3228452205658,5.76870918273926,17.4535026550293
"2024-04-14 12:31:36.0000",,,,,
"2024-04-14 12:50:00.0000",12.65,50.25,1.08963000774384,4.76642513275146,12.2718658447266
"2024-04-14 12:49:05.0000",,,,,
"2024-04-14 13:00:00.0000",12.58,51.77,1.37901639938354,6.47805738449097,18.1311302185059
"2024-04-14 13:10:00.0000",12.59,52.23,1.28460776805878,5.7422947883606,13.6422786712646
"2024-04-14 13:07:36.0000",,,,,
"2024-04-14 13:20:00.0000",12.56,52.75,1.42925560474396,6.17084360122681,15.3783750534058
"2024-04-14 13:24:10.0000",,,,,
"2024-04-14 13:30:00.0000",12.32,54.07,1.24664950370789,5.77168321609497,15.4426746368408
"2024-04-14 13:40:00.0000",12.4,53.99,1.40477097034454,5.95283699035645,15.8683176040649
"2024-04-14 13:41:41.0000",,,,,
"2024-04-14 13:50:00.0000",12.64,53.32,1.28370654582977,5.73698472976685,18.2558460235596
"2024-04-14 14:00:00.0000",12.71,48.12,1.0703831911087,5.19925403594971,15.0426168441772
"2024-04-14 13:59:09.0000",,,,,
"2024-04-14 14:10:00.0000",12.8,47.55,0.979528844356537,4.40726470947266,10.5843067169189
"2024-04-14 14:20:00.0000",12.72,47.56,1.06446957588196,5.16814136505127,18.1913623809814
"2024-04-14 14:17:35.0000",,,,,
"2024-04-14 14:30:00.0000",12.4,47.72,0.960300326347351,4.06812191009521,16.8531227111816
"2024-04-14 14:40:00.0000",12.46,49.94,1.12050926685333,5.0588583946228,15.4746952056885
"2024-04-14 14:34:08.0000",,,,,
"2024-04-14 14:50:00.0000",12.77,48.38,1.0731418132782,4.72310543060303,10.4377756118774
"2024-04-14 14:51:37.0000",,,,,
"2024-04-14 15:00:00.0000",13.12,48.05,1.13824093341827,4.97100639343262,13.1351194381714
"2024-04-14 15:10:00.0000",12.86,46.77,1.06174576282501,5.09101581573486,16.5418949127197
"2024-04-14 15:09:08.0000",,,,,
"2024-04-14 15:20:00.0000",12.89,47.16,0.994297921657562,4.00114774703979,13.6921443939209
"2024-04-14 15:27:39.0000",,,,,
"2024-04-14 15:30:00.0000",12.44,46.74,0.866785705089569,3.8247697353363,8.08784198760986
"2024-04-14 15:40:00.0000",12.31,46.69,1.13362431526184,4.81923198699951,11.7484197616577
"2024-04-14 15:50:00.0000",12.26,46.99,1.06810414791107,3.89525747299194,9.383620262146
"2024-04-14 15:44:07.0000",,,,,
"2024-04-14 16:00:00.0000",12.44,47.4,0.986690104007721,4.04807806015015,10.9919157028198
"2024-04-14 16:10:00.0000",12.33,47.52,0.86642450094223,3.66559219360352,16.1427383422852
"2024-04-14 16:01:37.0000",,,,,
"2024-04-14 16:20:00.0000",12.16,47.93,0.958798587322235,4.39645338058472,12.3069677352905
"2024-04-14 16:19:06.0000",,,,,
"2024-04-14 16:30:00.0000",12.18,49.51,1.22591614723206,5.21436882019043,15.7832536697388
"2024-04-14 16:40:00.0000",12.02,49.14,1.00976967811584,4.72475957870483,13.9823627471924
"2024-04-14 16:37:37.0000",,,,,
"2024-04-14 16:50:00.0000",11.95,51.73,1.58289134502411,5.49991750717163,16.9108734130859
"2024-04-14 16:54:06.0000",,,,,
"2024-04-14 17:00:00.0000",11.82,52.75,1.18007528781891,5.09471654891968,10.4677648544312
"2024-04-14 17:10:00.0000",11.77,53.57,1.10505831241608,5.90066766738892,18.1549682617188
"2024-04-14 17:11:36.0000",,,,,
"2024-04-14 17:20:00.0000",11.77,54.05,1.01389789581299,5.02029323577881,18.8494682312012
"2024-04-14 17:30:00.0000",11.58,53.57,1.01665532588959,3.84147429466248,8.39139652252197
"2024-04-14 17:40:00.0000",11.35,54.66,1.10431337356567,4.22622346878052,9.24441432952881
"2024-04-14 17:29:10.0000",,,,,
"2024-04-14 17:50:00.0000",11.19,55.71,1.15078961849213,5.71289396286011,15.8609285354614
"2024-04-14 17:47:36.0000",,,,,
"2024-04-14 18:00:00.0000",11.26,55.53,0.962319433689117,5.2566237449646,12.517463684082
"2024-04-14 18:10:00.0000",11.29,56.55,1.18064093589783,5.43220806121826,15.5667667388916
"2024-04-14 18:04:09.0000",,,,,
"2024-04-14 18:20:00.0000",11.38,55.83,1.3107203245163,5.38130140304565,12.377158164978
"2024-04-14 18:21:39.0000",,,,,
"2024-04-14 18:40:00.0000",11.15,56.72,1.21295368671417,6.82529401779175,18.7069358825684
"2024-04-14 18:30:00.0000",11.26,55.95,0.98591160774231,4.91334581375122,13.1978998184204
"2024-04-14 18:39:08.0000",,,,,
"2024-04-14 18:50:00.0000",11.26,56.92,1.45991599559784,6.00072240829468,11.7743530273438
"2024-04-14 19:00:00.0000",10.98,57.92,1.40473759174347,5.88567447662354,19.5445652008057
"2024-04-14 18:57:40.0000",,,,,
"2024-04-14 19:10:00.0000",10.6,59.9,1.46329176425934,7.19076108932495,14.9696960449219
"2024-04-14 19:20:00.0000",10.37,61.48,1.23679935932159,6.19071531295776,12.2871580123901
"2024-04-14 19:14:06.0000",,,,,
"2024-04-14 19:30:00.0000",10.18,62.74,1.3017578125,5.92655754089355,14.590991973877
"2024-04-14 19:31:36.0000",,,,,
"2024-04-14 19:40:00.0000",10.04,64.11,2.15155839920044,8.11686611175537,22.6927833557129
"2024-04-14 19:50:00.0000",9.95,64.83,1.27921986579895,6.32953310012817,14.411039352417
"2024-04-14 19:49:06.0000",,,,,
"2024-04-14 20:10:00.0000",9.97,64.98,1.50362598896027,6.97796487808228,14.4840221405029
"2024-04-14 20:00:00.0000",9.98,65.17,1.42395770549774,6.03979778289795,15.1263856887817
"2024-04-14 20:07:38.0000",,,,,
"2024-04-14 20:20:00.0000",10,65.34,1.44197952747345,6.74637126922607,16.6639404296875
"2024-04-14 20:24:06.0000",,,,,
"2024-04-14 20:30:00.0000",10.03,66,1.48168623447418,6.94440984725952,14.9327011108398
"2024-04-14 20:40:00.0000",10.13,65.77,1.4778425693512,7.12788867950439,15.6877632141113
"2024-04-14 20:41:35.0000",,,,,
"2024-04-14 20:50:00.0000",10.21,65.64,1.51254665851593,7.74626636505127,18.1725788116455
"2024-04-14 21:00:00.0000",10.16,66.32,1.5308690071106,7.02028846740723,13.409255027771
"2024-04-14 21:10:00.0000",10.12,67.4,1.68461239337921,8.72998809814453,17.2312335968018
"2024-04-14 20:59:05.0000",,,,,
"2024-04-14 21:20:00.0000",10.16,67.3,1.93452668190002,9.10821342468262,26.0442733764648
"2024-04-14 21:17:35.0000",,,,,
"2024-04-14 21:40:00.0000",10.15,68.36,1.43767166137695,6.26014041900635,18.5509586334229
"2024-04-14 21:30:00.0000",10.16,67.35,1.70104539394379,7.67396640777588,16.6578254699707
"2024-04-14 21:34:04.0000",,,,,
"2024-04-14 21:50:00.0000",10.06,69.14,1.6338095664978,7.43458461761475,13.2857513427734
"2024-04-14 21:51:33.0000",,,,,
"2024-04-14 22:00:00.0000",10.03,69.99,1.64891147613525,8.96383380889893,23.2220916748047
"2024-04-14 22:10:00.0000",10.11,69.75,1.4440712928772,7.52540636062622,17.4248447418213
"2024-04-14 22:09:04.0000",,,,,
"2024-04-14 22:20:00.0000",10.04,70.07,1.38368487358093,6.78169393539429,20.4931030273438
"2024-04-14 22:27:29.0000",,,,,
"2024-04-14 22:30:00.0000",9.96,70.38,1.91117751598358,9.5139856338501,26.2184963226318
"2024-04-14 22:40:00.0000",9.99,70.41,1.75829982757568,9.470627784729,22.820686340332
"2024-04-14 22:50:00.0000",10.04,70.47,1.83390212059021,8.5692834854126,19.2610759735107
"2024-04-14 22:44:03.0000",,,,,
"2024-04-14 23:00:00.0000",10.11,70.43,2.23275136947632,9.15996646881104,18.7824668884277
"2024-04-14 23:10:00.0000",10.16,70.29,1.22986567020416,5.85795021057129,15.5442276000977
"2024-04-14 23:01:32.0000",,,,,
"2024-04-14 23:20:00.0000",10.16,70.18,1.69287621974945,7.69050073623657,16.2767715454102
"2024-04-14 23:19:02.0000",,,,,
"2024-04-14 23:30:00.0000",10.16,70.78,1.45735061168671,6.49719381332397,12.1496171951294
"2024-04-14 23:40:00.0000",10.21,70.35,1.34829330444336,6.20091199874878,15.0545234680176
"2024-04-14 23:37:32.0000",,,,,
"2024-04-14 23:50:00.0000",10.19,70.38,1.79615032672882,8.50482654571533,19.0229187011719
"2024-04-14 23:54:05.0000",,,,,
"2024-04-15 00:00:00.0000",10.04,71.97,1.46321964263916,7.24519968032837,18.8639621734619
"2024-04-15 00:10:00.0000",9.82,74.15,1.58173012733459,7.15326261520386,15.7278165817261
"2024-04-15 00:11:35.0000",,,,,
"2024-04-15 00:20:00.0000",9.57,76.03,2.09930014610291,9.21103763580322,17.652868270874
"2024-04-15 00:30:00.0000",9.38,77.2,1.95862233638763,10.8715534210205,24.4619560241699
"2024-04-15 00:40:00.0000",9.39,78.28,1.98030066490173,9.33777141571045,19.6015434265137
"2024-04-15 00:29:05.0000",,,,,
"2024-04-15 00:50:00.0000",9.41,78.33,1.72258543968201,8.49965572357178,16.2034435272217
"2024-04-15 00:47:32.0000",,,,,
"2024-04-15 01:00:00.0000",9.41,78.46,1.86495518684387,9.12014293670654,18.3692378997803
"2024-04-15 01:10:00.0000",9.42,78.8,1.73031795024872,9.55764484405518,20.0269680023193
"2024-04-15 01:04:04.0000",,,,,
"2024-04-15 01:20:00.0000",9.49,78.23,1.72564518451691,8.72880077362061,22.1917552947998
"2024-04-15 01:21:35.0000",,,,,
"2024-04-15 01:40:00.0000",9.57,75.76,1.41858172416687,7.07080602645874,15.8025970458984
"2024-04-15 01:30:00.0000",9.56,76.58,1.55764973163605,8.18153858184814,19.3477249145508
"2024-04-15 01:39:04.0000",,,,,
"2024-04-15 01:50:00.0000",9.8,69.23,1.15148818492889,4.90881490707397,9.15105533599854
"2024-04-15 01:57:29.0000",,,,,
"2024-04-15 02:00:00.0000",9.97,66.97,1.08416163921356,5.1313009262085,12.3974351882935
"2024-04-15 02:10:00.0000",10,64.26,1.09741640090942,4.7681360244751,9.94286632537842
"2024-04-15 02:20:00.0000",9.84,65.34,1.11330616474152,4.92690324783325,12.7651233673096
"2024-04-15 02:14:04.0000",,,,,
"2024-04-15 02:30:00.0000",9.72,66.14,1.36480641365051,5.96339464187622,12.9126920700073
"2024-04-15 02:40:00.0000",9.77,66.18,1.25142860412598,6.68784713745117,17.8198375701904
"2024-04-15 02:31:33.0000",,,,,
"2024-04-15 02:50:00.0000",9.83,66.54,1.68780469894409,8.10525321960449,16.0552997589111
"2024-04-15 02:49:03.0000",,,,,
"2024-04-15 03:00:00.0000",9.85,66.26,1.77387714385986,9.41808891296387,19.4196529388428
"2024-04-15 03:10:00.0000",9.91,66.25,1.80856835842133,7.8678297996521,18.9758071899414
"2024-04-15 03:07:33.0000",,,,,
"2024-04-15 03:20:00.0000",9.89,66.74,1.81929707527161,8.94254398345947,20.3917255401611
"2024-04-15 03:24:02.0000",,,,,
"2024-04-15 03:30:00.0000",9.95,67.11,1.98257803916931,8.62837219238281,15.7286071777344
"2024-04-15 03:40:00.0000",10.04,66.89,1.78432786464691,7.96405506134033,16.5985984802246
"2024-04-15 03:41:30.0000",,,,,
"2024-04-15 03:50:00.0000",10.06,66.42,1.67945647239685,8.09452724456787,20.9772834777832
"2024-04-15 04:00:00.0000",9.88,67.15,1.88811862468719,9.371262550354,20.2778759002686
"2024-04-15 04:10:00.0000",9.9,66.8,1.73670959472656,7.66195964813232,15.0512533187866
"2024-04-15 03:59:01.0000",,,,,
"2024-04-15 04:20:00.0000",9.45,70.39,2.31078457832336,12.3276205062866,29.4754981994629
"2024-04-15 04:17:32.0000",,,,,
"2024-04-15 04:30:00.0000",8.95,76.01,2.16575288772583,11.9397192001343,30.6275024414062
"2024-04-15 04:40:00.0000",8.78,77.53,2.47113585472107,13.2625503540039,27.3277912139893
"2024-04-15 04:34:05.0000",,,,,
"2024-04-15 04:50:00.0000",8.73,78.16,2.29571104049683,11.1620874404907,20.8388481140137
"2024-04-15 04:51:34.0000",,,,,
"2024-04-15 05:10:00.0000",6.48,81.45,2.84097051620483,20.7255935668945,70.4310913085938
"2024-04-15 05:00:00.0000",7.14,78.41,3.25639033317566,22.8492259979248,54.6144218444824
"2024-04-15 05:09:03.0000",,,,,
"2024-04-15 05:20:00.0000",6.21,79.92,1.22077858448029,7.8646354675293,21.8546485900879
"2024-04-15 05:27:35.0000",,,,,
"2024-04-15 05:30:00.0000",6.38,79.3,1.50108599662781,10.1803884506226,28.200553894043
"2024-04-15 05:40:00.0000",6.63,78.69,1.70698404312134,10.5841875076294,33.4164123535156
"2024-04-15 05:50:00.0000",7,75.3,1.91560935974121,10.9569606781006,28.3284969329834
"2024-04-15 05:44:03.0000",,,,,
"2024-04-15 06:00:00.0000",7.37,74.55,1.99463284015656,11.5671501159668,28.4640598297119
"2024-04-15 06:10:00.0000",7.6,69.11,1.78601157665253,9.72175884246826,27.547492980957
"2024-04-15 06:01:33.0000",,,,,
"2024-04-15 06:20:00.0000",7.63,68.34,2.18545341491699,11.1956653594971,34.7275619506836
"2024-04-15 06:19:03.0000",,,,,
"2024-04-15 06:30:00.0000",7.74,67.5,2.27085900306702,10.1014032363892,21.6139888763428
"2024-04-15 06:40:00.0000",7.87,68.51,2.30965375900269,11.5174188613892,28.3635749816895
"2024-04-15 06:37:33.0000",,,,,
"2024-04-15 06:50:00.0000",7.88,69.52,1.98621487617493,9.62504482269287,26.0266132354736
"2024-04-15 07:00:00.0000",7.81,65.47,2.09490323066711,10.8610897064209,28.0160255432129
"2024-04-15 06:54:02.0000",,,,,
"2024-04-15 07:10:00.0000",7.8,67.38,1.8561418056488,8.9117956161499,18.6964588165283
"2024-04-15 07:11:31.0000",,,,,
"2024-04-15 07:20:00.0000",7.86,63.85,1.50617182254791,7.23306655883789,19.1342868804932
"2024-04-15 07:29:00.0000",,,,,
"2024-04-15 07:30:00.0000",7.96,65.43,1.90494191646576,8.94766712188721,20.6977443695068
"2024-04-15 07:40:00.0000",7.86,64.39,1.80123233795166,8.48224353790283,16.9287891387939
"2024-04-15 07:50:00.0000",7.76,66.1,1.76290154457092,8.00699520111084,19.6606559753418
"2024-04-15 08:00:00.0000",7.69,66.58,2.22985649108887,11.0796031951904,28.518482208252
"2024-04-15 07:47:33.0000",,,,,
"2024-04-15 08:10:00.0000",7.69,63.9,2.22449040412903,10.4755868911743,19.5004482269287
"2024-04-15 08:04:01.0000",,,,,
"2024-04-15 08:20:00.0000",7.78,63.27,2.60771584510803,12.7102212905884,35.6015625
"2024-04-15 08:21:35.0000",,,,,
"2024-04-15 08:30:00.0000",7.79,63.56,1.93888449668884,9.53397560119629,22.4044818878174
"2024-04-15 08:40:00.0000",7.82,64.26,2.42569518089294,11.2297277450562,19.902645111084
"2024-04-15 08:39:04.0000",,,,,
"2024-04-15 08:50:00.0000",7.7,61.67,1.76771891117096,7.43045425415039,16.8627624511719
"2024-04-15 08:57:35.0000",,,,,
"2024-04-15 09:00:00.0000",7.77,63.11,2.75126647949219,14.4097576141357,46.4515800476074
"2024-04-15 09:10:00.0000",7.87,59.94,2.105220079422,10.4649534225464,21.6436977386475
"2024-04-15 09:20:00.0000",7.93,61.15,2.15283155441284,10.257719039917,24.0496006011963
"2024-04-15 09:14:04.0000",,,,,
"2024-04-15 09:30:00.0000",7.5,63.27,2.34229207038879,12.0208425521851,33.0656242370605
"2024-04-15 09:31:34.0000",,,,,
"2024-04-15 09:40:00.0000",7.71,61.22,2.46330118179321,12.0698823928833,24.9770240783691
"2024-04-15 09:50:00.0000",7.25,64.96,1.98072862625122,9.16911602020264,21.0023899078369
"2024-04-15 09:49:03.0000",,,,,
"2024-04-15 10:00:00.0000",7.25,66.08,2.50025296211243,11.4713068008423,21.7018489837646
"2024-04-15 10:10:00.0000",7.62,67.46,3.65403008460999,18.290412902832,43.9224662780762
"2024-04-15 10:07:34.0000",,,,,
"2024-04-15 10:20:00.0000",7.7,64.17,2.75245356559753,12.9457683563232,30.1651554107666
"2024-04-15 10:24:02.0000",,,,,
"2024-04-15 10:30:00.0000",8.05,61.54,2.37667942047119,11.5927886962891,33.7775497436523
"2024-04-15 10:40:00.0000",8.28,61.61,2.73731160163879,11.4399909973145,30.3398036956787
"2024-04-15 10:41:31.0000",,,,,
"2024-04-15 10:50:00.0000",8.35,61.62,2.35432195663452,11.0074710845947,22.2612743377686
"2024-04-15 11:00:00.0000",8.38,62.65,2.27865552902222,11.3248109817505,36.2818717956543
"2024-04-15 11:10:00.0000",8.7,62.48,2.49819016456604,11.3988151550293,25.1782264709473
"2024-04-15 10:59:02.0000",,,,,
"2024-04-15 10:59:22.0000",,,,,
"2024-04-15 11:20:00.0000",8.62,61.51,2.37266159057617,9.9049186706543,18.7344169616699
"2024-04-15 11:17:28.0000",,,,,
"2024-04-15 11:30:00.0000",8.41,63.2,2.59347724914551,13.027232170105,33.1733436584473
"2024-04-15 11:40:00.0000",7.32,71.96,3.82624483108521,18.1487426757812,40.4526901245117
"2024-04-15 11:34:01.0000",,,,,
"2024-04-15 11:50:00.0000",7.45,72.04,2.39346051216125,12.2371702194214,24.4703693389893
"2024-04-15 12:00:00.0000",7.39,73.15,2.77254271507263,14.0918130874634,35.5560111999512
"2024-04-15 11:51:29.0000",,,,,
"2024-04-15 12:10:00.0000",7.41,72.09,2.38978981971741,11.7765789031982,24.2681732177734
"2024-04-15 12:09:00.0000",,,,,
"2024-04-15 12:20:00.0000",7.72,70.59,2.31741285324097,11.2756175994873,23.815990447998
"2024-04-15 12:27:25.0000",,,,,
"2024-04-15 12:30:00.0000",7.29,71.27,2.81539559364319,12.5458202362061,38.7887992858887
"2024-04-15 12:40:00.0000",8.37,69.97,2.33422470092773,10.7181644439697,22.2696762084961
"2024-04-15 12:43:59.0000",,,,,
"2024-04-15 12:50:00.0000",8.64,64.18,2.26959800720215,10.385817527771,22.7914695739746
"2024-04-15 13:00:00.0000",9.15,64.65,1.87622964382172,8.99185466766357,20.3118438720703
"2024-04-15 13:10:00.0000",9.52,60.97,2.39672040939331,9.97546863555908,23.4101791381836
"2024-04-15 13:01:28.0000",,,,,
"2024-04-15 13:20:00.0000",9.81,58.34,2.89104247093201,12.6011924743652,27.2473087310791
"2024-04-15 13:18:57.0000",,,,,
"2024-04-15 13:30:00.0000",9.65,61.52,2.25595116615295,11.4303798675537,26.8403739929199
"2024-04-15 13:40:00.0000",9.57,61.51,2.69099378585815,12.6079082489014,31.4905776977539
"2024-04-15 13:37:28.0000",,,,,
"2024-04-15 13:50:00.0000",9.37,57.1,1.82283127307892,8.95292091369629,19.5116691589355
"2024-04-15 14:00:00.0000",9.72,54.62,1.56502103805542,7.21916913986206,18.0086650848389
"2024-04-15 13:53:58.0000",,,,,
"2024-04-15 14:10:00.0000",9.99,54.79,2.2673511505127,9.8956470489502,27.9158763885498
"2024-04-15 14:11:27.0000",,,,,
"2024-04-15 14:20:00.0000",10.38,54.91,2.20485782623291,9.82458114624023,27.4372577667236
"2024-04-15 14:30:00.0000",10.49,54.95,1.89915585517883,8.27878952026367,17.3032741546631
"2024-04-15 14:28:58.0000",,,,,
"2024-04-15 14:40:00.0000",10.18,57.2,2.11784195899963,9.96767330169678,26.8660640716553
"2024-04-15 14:50:00.0000",10.33,57.67,2.44051313400269,11.6046085357666,20.3502712249756
"2024-04-15 14:47:27.0000",,,,,
"2024-04-15 15:00:00.0000",10.53,55.74,2.75781321525574,12.7182216644287,32.8079833984375
"2024-04-15 15:10:00.0000",10.71,53.58,2.35796475410461,10.1519374847412,22.8227367401123
"2024-04-15 15:04:01.0000",,,,,
"2024-04-15 15:20:00.0000",10.68,56.2,3.10292482376099,12.8759660720825,39.4662551879883
"2024-04-15 15:30:00.0000",10.76,56.01,2.1150336265564,8.97488307952881,19.1248435974121
"2024-04-15 15:21:31.0000",,,,,
"2024-04-15 15:40:00.0000",10.13,55.93,2.74126863479614,11.945366859436,26.2112979888916
"2024-04-15 15:39:01.0000",,,,,
"2024-04-15 16:00:00.0000",9.78,58.7,2.78219842910767,12.936840057373,28.9721794128418
"2024-04-15 15:50:00.0000",9.98,57.85,2.67283034324646,11.3641881942749,20.4225749969482
"2024-04-15 15:57:26.0000",,,,,
"2024-04-15 16:10:00.0000",10.24,58.64,2.64049172401428,12.6381368637085,33.5712547302246
"2024-04-15 16:14:00.0000",,,,,
"2024-04-15 16:20:00.0000",10.54,57.28,2.47578358650208,10.2623701095581,22.8625946044922
"2024-04-15 16:30:00.0000",10.41,58.16,2.35431551933289,12.0234384536743,24.8505725860596
"2024-04-15 16:31:28.0000",,,,,
"2024-04-15 16:40:00.0000",10.6,58.36,2.52853012084961,12.1172914505005,25.2859306335449
"2024-04-15 16:50:00.0000",10.51,57.65,2.48187303543091,10.9099950790405,28.711311340332
"2024-04-15 16:48:59.0000",,,,,
"2024-04-15 17:00:00.0000",11.01,57.09,2.54832196235657,11.2595300674438,39.5907516479492
"2024-04-15 17:10:00.0000",10.61,55.75,2.72917866706848,12.2498388290405,27.5854187011719
"2024-04-15 17:07:28.0000",,,,,
"2024-04-15 17:20:00.0000",10.11,57.75,2.746985912323,12.011079788208,33.8207778930664
"2024-04-15 17:30:00.0000",9.77,58.68,2.47896075248718,11.8895015716553,24.4407291412354
"2024-04-15 17:40:00.0000",9.58,59.25,2.7303740978241,12.5455446243286,28.4450988769531
"2024-04-15 17:43:26.0000",,,,,
"2024-04-15 17:50:00.0000",9.67,58.31,2.46469330787659,10.9287424087524,28.0978679656982
"2024-04-15 17:58:57.0000",,,,,
"2024-04-15 18:00:00.0000",9.54,60.01,2.77511048316956,11.4087820053101,22.7606945037842
"2024-04-15 18:10:00.0000",9.37,63.17,3.52632188796997,16.5079116821289,34.7319183349609
"2024-04-15 18:20:00.0000",9.18,66.76,3.49838161468506,16.5623664855957,30.2469005584717
"2024-04-15 18:17:29.0000",,,,,
"2024-04-15 18:30:00.0000",8.64,70.83,3.6604061126709,17.4538955688477,45.7401390075684
"2024-04-15 18:40:00.0000",8.24,74.51,3.64556956291199,20.1051235198975,56.5947647094727
"2024-04-15 18:33:56.0000",,,,,
"2024-04-15 18:50:00.0000",8.48,75.01,4.10764789581299,19.9074192047119,51.0504035949707
"2024-04-15 18:51:26.0000",,,,,
"2024-04-15 19:00:00.0000",8.61,69.73,1.40730118751526,6.38891363143921,15.7923612594604
"2024-04-15 19:10:00.0000",8.86,69.78,2.25174379348755,10.5331773757935,25.0898838043213
"2024-04-15 19:09:00.0000",,,,,
"2024-04-15 19:20:00.0000",8.94,69.91,3.44454503059387,15.0091238021851,46.0085830688477
"2024-04-15 19:27:26.0000",,,,,
"2024-04-15 19:30:00.0000",8.82,69.71,2.29719161987305,9.78912162780762,17.9596214294434
"2024-04-15 19:40:00.0000",8.7,70.76,3.03106927871704,13.9827032089233,34.1185417175293
"2024-04-15 19:43:58.0000",,,,,
"2024-04-15 19:50:00.0000",8.72,71.16,1.95967543125153,9.17990684509277,21.4635848999023
"2024-04-15 20:00:00.0000",8.64,70.44,2.57515573501587,12.3490762710571,36.4125633239746
"2024-04-15 20:01:30.0000",,,,,
"2024-04-15 20:10:00.0000",8.57,70.3,2.27506852149963,11.0749378204346,22.4355411529541
"2024-04-15 20:20:00.0000",8.59,71.17,2.47529625892639,12.23473072052,26.3856945037842
"2024-04-15 20:18:59.0000",,,,,
"2024-04-15 20:30:00.0000",8.64,72.92,3.06210970878601,14.6139459609985,41.2342567443848
"2024-04-15 20:40:00.0000",8.79,73.46,3.0471134185791,14.7980585098267,39.9106140136719
"2024-04-15 20:37:30.0000",,,,,
"2024-04-15 20:50:00.0000",8.95,72.86,3.1795380115509,14.8168992996216,30.5053615570068
"2024-04-15 20:53:58.0000",,,,,
"2024-04-15 21:00:00.0000",9.07,72.04,3.2084858417511,16.5305156707764,39.2105941772461
"2024-04-15 21:10:00.0000",9.15,72.26,2.73754501342773,12.8093852996826,32.2354469299316
"2024-04-15 21:11:27.0000",,,,,
"2024-04-15 21:20:00.0000",9.2,72.43,3.54828333854675,17.2711505889893,41.0815925598145
"2024-04-15 21:28:56.0000",,,,,
"2024-04-15 21:30:00.0000",8.97,73.71,3.79438138008118,19.1806526184082,46.2530708312988
"2024-04-15 21:40:00.0000",8.63,79.2,3.083167552948,16.7182769775391,41.0713768005371
"2024-04-15 21:50:00.0000",8.65,78.11,3.82901763916016,19.4168968200684,49.0073394775391
"2024-04-15 21:47:28.0000",,,,,
"2024-04-15 22:10:00.0000",9.13,76.71,4.12874364852905,22.939525604248,51.5555229187012
"2024-04-15 22:00:00.0000",8.88,77.11,4.35740184783936,24.7534599304199,63.9544296264648
"2024-04-15 22:03:55.0000",,,,,
"2024-04-15 22:20:00.0000",9.28,75.56,4.47652912139893,24.6926078796387,69.5375366210938
"2024-04-15 22:21:25.0000",,,,,
"2024-04-15 22:30:00.0000",9.46,74.22,4.25804042816162,21.6005840301514,46.2052268981934
"2024-04-15 22:40:00.0000",9.56,73.07,3.563068151474,20.439920425415,48.2601318359375
"2024-04-15 22:38:55.0000",,,,,
"2024-04-15 22:50:00.0000",9.61,72.45,4.17470407485962,20.3014583587646,45.3932266235352
"2024-04-15 22:57:27.0000",,,,,
"2024-04-15 23:00:00.0000",9.67,71.69,4.03232479095459,20.7001037597656,55.75927734375
"2024-04-15 23:10:00.0000",9.71,71.8,4.58932447433472,22.1484661102295,49.3792190551758
"2024-04-15 23:13:55.0000",,,,,
"2024-04-15 23:20:00.0000",9.72,71.94,4.15943098068237,19.2419509887695,43.5221786499023
"2024-04-15 23:30:00.0000",9.72,71.97,4.04400873184204,19.2324199676514,48.1699638366699
"2024-04-15 23:40:00.0000",9.68,71.18,4.00119733810425,20.7517223358154,45.0610427856445
"2024-04-15 23:31:30.0000",,,,,
"2024-04-15 23:50:00.0000",9.61,72.85,4.9578070640564,25.0677623748779,55.1362571716309
"2024-04-15 23:48:54.0000",,,,,
"2024-04-16 00:00:00.0000",9.57,73.49,4.20473718643188,21.6429748535156,44.5043106079102
"2024-04-16 00:10:00.0000",9.59,72.64,4.59297180175781,22.8535709381104,56.3038635253906
"2024-04-16 00:07:20.0000",,,,,
"2024-04-16 00:20:00.0000",9.59,72.55,4.70818471908569,23.549280166626,54.2669906616211
"2024-04-16 00:23:53.0000",,,,,
"2024-04-16 00:30:00.0000",9.56,72.04,4.38792037963867,22.3398342132568,61.9007987976074
"2024-04-16 00:40:00.0000",9.57,72.37,4.3629994392395,20.4335975646973,45.3644599914551
"2024-04-16 00:41:23.0000",,,,,
"2024-04-16 00:50:00.0000",9.56,72.57,4.4998517036438,24.0076732635498,46.7315940856934
"2024-04-16 00:58:54.0000",,,,,
"2024-04-16 01:00:00.0000",9.51,72.76,4.77227687835693,23.4364948272705,71.5102462768555
"2024-04-16 01:10:00.0000",9.45,73.83,4.15058994293213,21.0438556671143,38.5307464599609
"2024-04-16 01:20:00.0000",9.44,73.22,4.88238096237183,24.7892627716064,63.2283592224121
"2024-04-16 01:17:23.0000",,,,,
"2024-04-16 01:30:00.0000",9.41,73.17,4.48961496353149,21.9693813323975,69.6664733886719
"2024-04-16 01:40:00.0000",9.41,73.03,4.53221416473389,24.3608150482178,62.408863067627
"2024-04-16 01:33:56.0000",,,,,
"2024-04-16 01:50:00.0000",9.43,72.84,4.00967502593994,20.8337306976318,45.3828315734863
"2024-04-16 01:51:26.0000",,,,,
"2024-04-16 02:10:00.0000",9.45,72.73,4.87660360336304,27.3996067047119,70.0940246582031
"2024-04-16 02:00:00.0000",9.45,72.65,4.40722227096558,23.920202255249,55.8007545471191
"2024-04-16 02:08:56.0000",,,,,
"2024-04-16 02:20:00.0000",9.45,72.97,5.01463460922241,25.6739959716797,71.7023086547852
"2024-04-16 02:27:22.0000",,,,,
"2024-04-16 02:30:00.0000",9.43,73.03,4.57100200653076,22.6472492218018,48.2817268371582
"2024-04-16 02:40:00.0000",9.41,72.42,5.30634832382202,25.5747623443604,87.9402160644531
"2024-04-16 02:43:54.0000",,,,,
"2024-04-16 02:50:00.0000",9.39,72.94,4.51109218597412,22.07666015625,48.8330383300781
"2024-04-16 03:00:00.0000",9.35,72.29,4.4670581817627,23.4155254364014,58.9264717102051
"2024-04-16 03:10:00.0000",9.3,72.33,4.54116296768188,23.6429710388184,56.4012222290039
"2024-04-16 03:01:24.0000",,,,,
"2024-04-16 03:20:00.0000",9.3,72.02,3.89861178398132,21.3072929382324,65.294059753418
"2024-04-16 03:18:55.0000",,,,,
"2024-04-16 03:30:00.0000",9.3,71.96,4.37856769561768,22.8839874267578,63.1419944763184
"2024-04-16 03:40:00.0000",9.28,72.37,4.38118314743042,21.9922580718994,57.6294212341309
"2024-04-16 03:37:26.0000",,,,,
"2024-04-16 03:50:00.0000",9.26,71.58,3.95003747940063,19.5434036254883,46.5243644714355
"2024-04-16 03:53:53.0000",,,,,
"2024-04-16 04:00:00.0000",9.21,71.09,3.6752028465271,19.0062351226807,45.393871307373
"2024-04-16 04:10:00.0000",9.21,71.42,4.13418006896973,21.0633220672607,46.5568313598633
"2024-04-16 04:11:22.0000",,,,,
"2024-04-16 04:20:00.0000",9.21,71.43,3.95780110359192,19.8828449249268,60.7973976135254
"2024-04-16 04:28:52.0000",,,,,
"2024-04-16 04:30:00.0000",9.21,70.92,3.87354922294617,21.1676254272461,62.0388526916504
"2024-04-16 04:40:00.0000",9.19,70.52,3.85873174667358,18.8229675292969,48.8803215026855
"2024-04-16 04:50:00.0000",9.21,70.53,4.0111231803894,22.5439167022705,64.4057846069336
"2024-04-16 04:47:22.0000",,,,,
"2024-04-16 05:00:00.0000",9.2,69.87,3.37843561172485,18.2403659820557,59.699649810791
"2024-04-16 05:10:00.0000",9.2,70.23,3.58100032806396,19.2151393890381,47.424388885498
"2024-04-16 05:03:52.0000",,,,,
"2024-04-16 05:20:00.0000",9.22,70.62,3.76358342170715,18.9150218963623,50.7418594360352
"2024-04-16 05:21:22.0000",,,,,
"2024-04-16 05:30:00.0000",9.26,70.25,4.06794118881226,20.6589832305908,57.5228729248047
"2024-04-16 05:40:00.0000",9.23,69.46,3.62185406684875,18.5522346496582,50.6762657165527
"2024-04-16 05:38:55.0000",,,,,
"2024-04-16 05:50:00.0000",9.23,69.39,3.2578296661377,16.965799331665,48.5706253051758
"2024-04-16 05:57:21.0000",,,,,
"2024-04-16 06:00:00.0000",9.28,69.41,3.37751412391663,18.7903060913086,64.1590042114258
"2024-04-16 06:10:00.0000",9.26,67.39,3.12737154960632,15.7028293609619,35.2630882263184
"2024-04-16 06:13:55.0000",,,,,
"2024-04-16 06:20:00.0000",9.26,67.39,2.73125553131104,14.4295997619629,44.7015151977539
"2024-04-16 06:30:00.0000",9.29,66.62,3.31734609603882,15.7395868301392,39.2175140380859
"2024-04-16 06:40:00.0000",9.29,66.45,2.76050090789795,14.5999851226807,36.132984161377
"2024-04-16 06:31:25.0000",,,,,
"2024-04-16 06:50:00.0000",9.27,66.43,3.50827312469482,17.2628040313721,54.107292175293
"2024-04-16 06:48:54.0000",,,,,
"2024-04-16 07:00:00.0000",9.34,65.72,2.83837938308716,13.3632593154907,33.9234046936035
"2024-04-16 07:10:00.0000",9.41,66.23,3.18683433532715,16.8135375976562,46.0546340942383
"2024-04-16 07:07:26.0000",,,,,
"2024-04-16 07:30:00.0000",9.59,66.17,2.8572371006012,13.4443359375,34.8552093505859
"2024-04-16 07:20:00.0000",9.46,66.85,3.08923721313477,15.9640598297119,50.919303894043
"2024-04-16 07:23:54.0000",,,,,
"2024-04-16 07:40:00.0000",9.73,65.77,3.11083722114563,14.4710111618042,36.4938125610352
"2024-04-16 07:41:25.0000",,,,,
"2024-04-16 08:00:00.0000",9.89,65.9,3.09168004989624,16.4680652618408,40.2803230285645
"2024-04-16 07:50:00.0000",9.77,65.15,2.92023754119873,15.4853563308716,40.7115097045898
"2024-04-16 07:58:52.0000",,,,,
"2024-04-16 08:10:00.0000",9.78,64.29,2.78464460372925,13.0962934494019,33.7384986877441
"2024-04-16 08:20:00.0000",9.59,65.18,2.81278085708618,12.68492603302,32.5303039550781
"2024-04-16 08:17:24.0000",,,,,
"2024-04-16 08:30:00.0000",9.57,65.75,2.80783772468567,14.3059358596802,27.8594932556152
"2024-04-16 08:40:00.0000",9.66,66.11,2.86422443389893,15.2047128677368,44.3801574707031
"2024-04-16 08:33:53.0000",,,,,
"2024-04-16 08:50:00.0000",9.66,65.75,3.13634610176086,17.422384262085,61.5021896362305
"2024-04-16 08:51:21.0000",,,,,
"2024-04-16 09:00:00.0000",9.7,65.59,2.26666855812073,11.2661952972412,29.8026084899902
"2024-04-16 09:10:00.0000",9.91,65.28,2.37330484390259,12.5236511230469,29.5808124542236
"2024-04-16 09:08:50.0000",,,,,
"2024-04-16 09:20:00.0000",10.07,64.43,2.71893310546875,13.8699769973755,43.2713813781738
"2024-04-16 09:30:00.0000",9.93,64.44,2.50845170021057,12.8132247924805,35.6512756347656
"2024-04-16 09:27:22.0000",,,,,
"2024-04-16 09:40:00.0000",9.98,64.85,2.31609201431274,11.7483997344971,29.048755645752
"2024-04-16 09:43:50.0000",,,,,
"2024-04-16 09:50:00.0000",10.33,63.21,2.35620760917664,11.2319145202637,30.8648872375488
"2024-04-16 10:00:00.0000",10.67,61.65,2.39936828613281,10.5557508468628,33.5625610351562
"2024-04-16 10:10:00.0000",10.85,60.04,1.96592438220978,9.02051162719727,29.774133682251
"2024-04-16 10:01:24.0000",,,,,
"2024-04-16 10:20:00.0000",11.07,60,2.0538489818573,10.540340423584,36.4235458374023
"2024-04-16 10:30:00.0000",11.27,58.9,1.84347939491272,9.4446496963501,33.5991706848145
"2024-04-16 10:18:56.0000",,,,,
"2024-04-16 10:40:00.0000",11.39,58.07,1.62874937057495,7.74108028411865,23.0299644470215
"2024-04-16 10:37:26.0000",,,,,
"2024-04-16 10:50:00.0000",11.44,58.23,1.73989033699036,9.71444606781006,24.8037548065186
"2024-04-16 11:00:00.0000",11.51,58.23,1.87214970588684,8.64310550689697,27.0440883636475
"2024-04-16 10:53:54.0000",,,,,
"2024-04-16 10:58:52.0000",,,,,
"2024-04-16 11:10:00.0000",11.47,58.75,1.92435097694397,8.97566604614258,24.2419319152832
"2024-04-16 11:11:23.0000",,,,,
"2024-04-16 11:30:00.0000",12.07,56.96,1.79239225387573,8.26646900177002,20.6593055725098
"2024-04-16 11:20:00.0000",11.61,58.5,1.81175482273102,8.61865329742432,27.0319976806641
"2024-04-16 11:28:53.0000",,,,,
"2024-04-16 11:40:00.0000",12.03,56.68,2.12580561637878,10.9319839477539,32.4741439819336
"2024-04-16 11:50:00.0000",12.47,56.65,2.12325692176819,9.84658050537109,20.8577899932861
"2024-04-16 11:47:24.0000",,,,,
"2024-04-16 12:00:00.0000",12.59,55.86,1.82802844047546,9.40547752380371,30.7052364349365
"2024-04-16 12:10:00.0000",12.57,55.29,1.58685195446014,7.89343214035034,21.6346397399902
"2024-04-16 12:03:51.0000",,,,,
"2024-04-16 12:20:00.0000",12.81,54.94,1.53750967979431,6.73467779159546,18.6558666229248
"2024-04-16 12:21:21.0000",,,,,
"2024-04-16 12:30:00.0000",13.07,53.57,1.57664346694946,7.84413290023804,22.4753551483154
"2024-04-16 12:40:00.0000",12.87,53.22,1.606201171875,6.52286529541016,13.3096027374268
"2024-04-16 12:38:52.0000",,,,,
"2024-04-16 12:50:00.0000",13.06,52.67,1.43121242523193,5.25270462036133,16.1250495910645
"2024-04-16 12:57:18.0000",,,,,
"2024-04-16 13:00:00.0000",13.06,53.98,1.40364956855774,6.45079278945923,16.0847053527832
"2024-04-16 13:10:00.0000",13.29,52.32,1.50404727458954,6.86427640914917,26.4614448547363
"2024-04-16 13:13:50.0000",,,,,
"2024-04-16 13:20:00.0000",13.47,52.94,1.58497512340546,7.42205858230591,16.0920639038086
"2024-04-16 13:30:00.0000",13.74,52.07,1.45481300354004,6.54641151428223,14.312183380127
"2024-04-16 13:40:00.0000",13.71,51.65,1.71334493160248,6.95454502105713,22.7076072692871
"2024-04-16 13:31:21.0000",,,,,
"2024-04-16 13:50:00.0000",13.89,52.7,1.5237340927124,6.69568204879761,25.1136951446533
"2024-04-16 14:00:00.0000",13.84,52.28,1.4382586479187,7.02452087402344,28.9446754455566
"2024-04-16 13:48:50.0000",,,,,
"2024-04-16 14:10:00.0000",13.41,52.35,1.50688004493713,6.52050590515137,24.5060348510742
"2024-04-16 14:07:16.0000",,,,,
"2024-04-16 14:30:00.0000",14.2,51.05,1.58412885665894,7.39625215530396,18.7315330505371
"2024-04-16 14:20:00.0000",13.94,51.78,1.50100862979889,7.16612482070923,22.0209770202637
"2024-04-16 14:23:49.0000",,,,,
"2024-04-16 14:40:00.0000",13.98,53.47,1.93204987049103,8.33655261993408,18.0744209289551
"2024-04-16 14:41:18.0000",,,,,
"2024-04-16 14:50:00.0000",14.19,53.05,1.94053244590759,9.17378520965576,32.1055641174316
"2024-04-16 15:00:00.0000",13.64,53.61,1.78647708892822,8.61166954040527,19.8585243225098
"2024-04-16 14:58:48.0000",,,,,
"2024-04-16 15:10:00.0000",13.42,53.56,1.75826573371887,7.66799736022949,23.8544769287109
"2024-04-16 15:20:00.0000",13.78,51.17,1.56772899627686,6.15799379348755,23.49436378479
"2024-04-16 15:30:00.0000",13.73,51.88,1.64939570426941,7.63484573364258,20.1484718322754
"2024-04-16 15:17:20.0000",,,,,
"2024-04-16 15:40:00.0000",13.88,52.01,1.63935911655426,7.77196884155273,21.6019725799561
"2024-04-16 15:33:47.0000",,,,,
"2024-04-16 15:50:00.0000",13.75,50.64,1.82127451896667,8.44551086425781,24.6786327362061
"2024-04-16 15:51:18.0000",,,,,
"2024-04-16 16:00:00.0000",13.97,50.57,1.80428898334503,7.78814315795898,21.1033020019531
"2024-04-16 16:10:00.0000",13.98,49.9,1.89236986637115,8.3792085647583,31.4500694274902
"2024-04-16 16:08:47.0000",,,,,
"2024-04-16 16:30:00.0000",13.79,48.62,1.54219186306,6.63801765441895,20.5047454833984
"2024-04-16 16:20:00.0000",14.35,48.89,1.79637169837952,8.09224891662598,25.5305271148682
"2024-04-16 16:27:19.0000",,,,,
"2024-04-16 16:40:00.0000",13.89,49.93,1.57012593746185,7.32861328125,24.4439239501953
"2024-04-16 16:44:18.0000",,,,,
"2024-04-16 16:50:00.0000",13.72,50.9,1.71809244155884,7.91988706588745,25.2992877960205
"2024-04-16 17:00:00.0000",13.48,51.85,1.58043217658997,7.65318584442139,23.0582408905029
"2024-04-16 17:10:00.0000",13.66,52.03,1.69114243984222,6.72123622894287,17.3798294067383
"2024-04-16 17:01:28.0000",,,,,
"2024-04-16 17:20:00.0000",13.6,50.53,1.54695522785187,6.69272708892822,17.4041538238525
"2024-04-16 17:18:51.0000",,,,,
"2024-04-16 17:40:00.0000",13.32,51.32,1.72929811477661,8.0034008026123,23.3514499664307
"2024-04-16 17:30:00.0000",13.31,51.25,1.30791866779327,6.44342851638794,22.3599052429199
"2024-04-16 17:37:17.0000",,,,,
"2024-04-16 17:50:00.0000",13.37,52.94,1.77503776550293,8.35222816467285,20.6631889343262
"2024-04-16 17:53:49.0000",,,,,
"2024-04-16 18:00:00.0000",13.23,52.72,1.73801648616791,8.61664390563965,32.2140922546387
"2024-04-16 18:10:00.0000",12.73,53.23,1.79186761379242,8.98553466796875,20.0572948455811
"2024-04-16 18:11:19.0000",,,,,
"2024-04-16 18:20:00.0000",12.31,54.45,2.03966569900513,9.29966354370117,30.2751541137695
"2024-04-16 18:28:49.0000",,,,,
"2024-04-16 18:30:00.0000",12.04,55.65,2.02916884422302,10.5501337051392,34.569637298584
"2024-04-16 18:40:00.0000",12,56.24,2.26498484611511,11.0295753479004,20.9114685058594
"2024-04-16 18:50:00.0000",11.88,57.16,2.84310173988342,10.7238655090332,24.6522216796875
"2024-04-16 19:00:00.0000",11.56,55.39,2.26156330108643,11.8994674682617,30.6047096252441
"2024-04-16 18:48:11.0000",,,,,
"2024-04-16 19:10:00.0000",11.24,57.72,2.74377703666687,13.2313995361328,40.1545944213867
"2024-04-16 19:03:47.0000",,,,,
"2024-04-16 19:20:00.0000",10.9,59.74,2.71899747848511,14.1251449584961,31.1253414154053
"2024-04-16 19:30:00.0000",10.47,59.44,2.51763677597046,13.8194160461426,29.2000579833984
"2024-04-16 19:21:18.0000",,,,,
"2024-04-16 19:40:00.0000",10.19,61.2,2.40554475784302,11.9204378128052,29.9433364868164
"2024-04-16 19:38:48.0000",,,,,
"2024-04-16 19:50:00.0000",9.96,61.14,2.30009865760803,11.5572834014893,29.404748916626
"2024-04-16 19:57:17.0000",,,,,
"2024-04-16 20:00:00.0000",9.77,61.68,2.30011630058289,13.7416725158691,36.086669921875
"2024-04-16 20:10:00.0000",9.61,61.03,2.11847901344299,10.8299922943115,22.461893081665
"2024-04-16 20:13:55.0000",,,,,
"2024-04-16 20:20:00.0000",9.5,63.21,2.29890441894531,11.2231960296631,34.8491744995117
"2024-04-16 20:30:00.0000",9.36,63.98,2.2559220790863,11.1765069961548,31.5410060882568
"2024-04-16 20:31:20.0000",,,,,
"2024-04-16 20:40:00.0000",9.2,63.43,2.51690006256104,12.6657752990723,33.1011428833008
"2024-04-16 20:50:00.0000",9.18,64.25,2.34454226493835,12.06871509552,28.3993511199951
"2024-04-16 20:49:00.0000",,,,,
"2024-04-16 21:10:00.0000",9.06,64.99,2.28657150268555,10.2677631378174,33.1185455322266
"2024-04-16 21:00:00.0000",9.11,65.33,2.20347285270691,12.9549608230591,36.3987922668457
"2024-04-16 21:07:17.0000",,,,,
"2024-04-16 21:20:00.0000",9.05,64.26,1.93077445030212,9.29385089874268,24.5033340454102
"2024-04-16 21:24:17.0000",,,,,
"2024-04-16 21:30:00.0000",9.01,64.05,2.04833436012268,11.4327363967896,39.1050910949707
"2024-04-16 21:40:00.0000",9.08,65.11,2.12810516357422,10.9203834533691,36.262378692627
"2024-04-16 21:41:20.0000",,,,,
"2024-04-16 21:50:00.0000",9.08,62.91,1.79046785831451,9.20790576934814,26.1907157897949
"2024-04-16 21:58:48.0000",,,,,
"2024-04-16 22:00:00.0000",9.09,63.82,2.02019119262695,10.9732341766357,30.6735858917236
"2024-04-16 22:10:00.0000",9,64.52,1.56910586357117,7.7857871055603,26.4339179992676
"2024-04-16 22:20:00.0000",8.94,64.43,1.62011325359344,7.86369752883911,26.7099056243896
"2024-04-16 22:17:21.0000",,,,,
"2024-04-16 22:40:00.0000",8.97,65.66,1.67730247974396,7.99959087371826,21.7765254974365
"2024-04-16 22:30:00.0000",8.94,66.11,1.61031603813171,7.66705989837646,20.9341869354248
"2024-04-16 22:34:13.0000",,,,,
"2024-04-16 22:50:00.0000",9,65.3,1.77971076965332,9.66375827789307,22.1776485443115
"2024-04-16 22:51:17.0000",,,,,
"2024-04-16 23:00:00.0000",8.9,66,1.97747898101807,8.77283573150635,23.3747863769531
"2024-04-16 23:10:00.0000",8.79,65.88,1.81744825839996,9.15284061431885,23.8387203216553
"2024-04-16 23:08:47.0000",,,,,
"2024-04-16 23:20:00.0000",8.69,63.04,1.53161573410034,7.36225605010986,23.480525970459
"2024-04-16 23:27:26.0000",,,,,
"2024-04-16 23:30:00.0000",8.6,63.21,1.88087356090546,8.82860851287842,22.4220771789551
"2024-04-16 23:40:00.0000",8.56,63.73,1.91955077648163,10.6701173782349,37.0576286315918
"2024-04-16 23:43:54.0000",,,,,
"2024-04-16 23:50:00.0000",8.54,63.48,2.13171076774597,10.6404447555542,29.4065074920654
"2024-04-17 00:00:00.0000",8.41,63.55,2.15717387199402,11.3847723007202,35.3983039855957
"2024-04-17 00:10:00.0000",8.32,61.89,1.96987056732178,10.0618734359741,21.7538032531738
"2024-04-17 00:01:17.0000",,,,,
"2024-04-17 00:20:00.0000",8.31,61.67,2.1617796421051,12.4625282287598,34.9679794311523
"2024-04-17 00:18:45.0000",,,,,
"2024-04-17 00:30:00.0000",8.31,61.5,2.12429976463318,11.3778657913208,37.3557472229004
"2024-04-17 00:40:00.0000",8.35,62.76,2.318110704422,11.3800468444824,34.3685073852539
"2024-04-17 00:37:16.0000",,,,,
"2024-04-17 00:50:00.0000",8.33,63.19,2.3594024181366,11.1001377105713,27.8731079101562
"2024-04-17 00:53:50.0000",,,,,
"2024-04-17 01:00:00.0000",8.17,60.85,1.64932572841644,7.46542024612427,17.0035152435303
"2024-04-17 01:10:00.0000",7.87,62.57,1.79479622840881,9.71629428863525,32.9987983703613
"2024-04-17 01:11:19.0000",,,,,
"2024-04-17 01:20:00.0000",7.85,64.75,1.8625214099884,8.41697025299072,17.035737991333
"2024-04-17 01:28:49.0000",,,,,
"2024-04-17 01:30:00.0000",7.7,66.56,1.87068164348602,11.3812580108643,31.309778213501
"2024-04-17 01:40:00.0000",7.68,68.91,1.91821134090424,10.4588766098022,28.7887268066406
"2024-04-17 01:50:00.0000",7.69,66.18,1.67975640296936,8.32938385009766,21.1870555877686
"2024-04-17 01:47:12.0000",,,,,
"2024-04-17 02:00:00.0000",7.64,69.12,1.96783876419067,10.5372829437256,37.0496559143066
"2024-04-17 02:10:00.0000",7.59,69.08,1.87035179138184,10.1344556808472,25.3025684356689
"2024-04-17 02:03:44.0000",,,,,
"2024-04-17 02:20:00.0000",7.62,67.23,1.75316178798676,9.63652801513672,21.0195999145508
"2024-04-17 02:21:14.0000",,,,,
"2024-04-17 02:40:00.0000",7.64,62.94,0.94053328037262,4.75821447372437,12.0935411453247
"2024-04-17 02:30:00.0000",7.69,67.79,1.77046203613281,8.88516235351562,23.5262355804443
"2024-04-17 02:38:44.0000",,,,,
"2024-04-17 02:50:00.0000",7.53,65.44,1.34305131435394,6.83302688598633,32.4709014892578
"2024-04-17 02:57:13.0000",,,,,
"2024-04-17 03:00:00.0000",7.5,65.93,1.55834233760834,9.01645374298096,24.6005001068115
"2024-04-17 03:10:00.0000",7.49,64.81,1.46046841144562,8.01357650756836,25.7073020935059
"2024-04-17 03:13:47.0000",,,,,
"2024-04-17 03:20:00.0000",7.6,66.25,1.76071786880493,9.92988967895508,24.4884090423584
"2024-04-17 03:30:00.0000",7.62,66.54,1.64882516860962,9.01417255401611,18.638126373291
"2024-04-17 03:31:24.0000",,,,,
"2024-04-17 03:40:00.0000",7.54,65.23,1.65328967571259,8.15989780426025,22.9215412139893
"2024-04-17 03:50:00.0000",7.55,65.66,1.69470500946045,9.15031719207764,21.7888031005859
"2024-04-17 03:48:46.0000",,,,,
"2024-04-17 04:10:00.0000",7.5,65.29,1.56898093223572,8.89022731781006,25.0544700622559
"2024-04-17 04:00:00.0000",7.5,65.42,1.72707724571228,8.9090518951416,22.6203517913818
"2024-04-17 04:07:12.0000",,,,,
"2024-04-17 04:20:00.0000",7.48,64.5,1.44846820831299,7.62883996963501,31.0529842376709
"2024-04-17 04:23:46.0000",,,,,
"2024-04-17 04:30:00.0000",7.46,64.03,1.27465653419495,5.70568132400513,19.8477668762207
"2024-04-17 04:40:00.0000",7.48,63.66,1.46449410915375,8.80237007141113,25.7976856231689
"2024-04-17 04:41:16.0000",,,,,
"2024-04-17 04:50:00.0000",7.46,64.38,1.4582108259201,8.1120548248291,18.7492733001709
"2024-04-17 04:58:52.0000",,,,,
"2024-04-17 05:00:00.0000",7.49,64.91,1.36244010925293,7.19463920593262,16.7687721252441
"2024-04-17 05:10:00.0000",7.49,65.23,1.15137410163879,6.4378457069397,17.3554191589355
"2024-04-17 05:20:00.0000",7.42,63.3,1.04299712181091,5.40352630615234,23.0016822814941
"2024-04-17 05:17:15.0000",,,,,
"2024-04-17 05:30:00.0000",7.39,62.29,1.04742956161499,5.66797971725464,16.4941921234131
"2024-04-17 05:40:00.0000",7.41,62.8,1.24715530872345,6.68172597885132,21.4392890930176
"2024-04-17 05:33:44.0000",,,,,
"2024-04-17 05:50:00.0000",7.33,61.84,0.947097539901733,5.35898065567017,14.2089290618896
"2024-04-17 05:51:12.0000",,,,,
"2024-04-17 06:00:00.0000",7.32,61.77,1.57206273078918,6.41518831253052,17.2549247741699
"2024-04-17 06:10:00.0000",7.4,61.58,1.00504720211029,4.26001977920532,11.9206867218018
"2024-04-17 06:08:44.0000",,,,,
"2024-04-17 06:20:00.0000",7.48,61.4,1.02488172054291,5.5008807182312,22.3198547363281
"2024-04-17 06:27:14.0000",,,,,
"2024-04-17 06:30:00.0000",7.54,62.73,1.16027438640594,5.56307458877563,14.0573835372925
"2024-04-17 06:40:00.0000",7.54,63.53,1.49878799915314,7.84005212783813,34.9650802612305
"2024-04-17 06:43:43.0000",,,,,
"2024-04-17 06:50:00.0000",7.63,59.82,1.1370255947113,5.55500793457031,17.9110870361328
"2024-04-17 07:00:00.0000",7.74,58.61,1.15433728694916,5.44715404510498,16.3120269775391
"2024-04-17 07:10:00.0000",7.93,58.52,1.32200992107391,5.80347633361816,26.4973030090332
"2024-04-17 07:01:13.0000",,,,,
"2024-04-17 07:20:00.0000",8.05,56.97,1.54663133621216,6.09887456893921,27.7913074493408
"2024-04-17 07:18:54.0000",,,,,
"2024-04-17 07:30:00.0000",8.12,56.89,0.985237598419189,4.93328475952148,18.5240936279297
"2024-04-17 07:40:00.0000",8.18,56.73,1.43435716629028,7.22493982315063,25.763126373291
"2024-04-17 07:37:12.0000",,,,,
"2024-04-17 07:50:00.0000",8.24,56.99,1.52879405021667,6.83564758300781,24.5867557525635
"2024-04-17 07:53:46.0000",,,,,
"2024-04-17 08:00:00.0000",8.21,55.78,1.56876540184021,7.43663120269775,28.5362167358398
"2024-04-17 08:10:00.0000",8.3,56.11,1.45391833782196,6.75682783126831,20.2125606536865
"2024-04-17 08:11:40.0000",,,,,
"2024-04-17 08:20:00.0000",8.58,55.52,1.27414953708649,6.39735984802246,20.3537502288818
"2024-04-17 08:28:45.0000",,,,,
"2024-04-17 08:30:00.0000",8.74,54.7,1.21981477737427,5.08202266693115,12.0581007003784
"2024-04-17 08:40:00.0000",8.72,55.94,1.57055354118347,7.00452136993408,27.9963932037354
"2024-04-17 08:50:00.0000",8.76,56.48,1.5425888299942,6.06892108917236,16.6420860290527
"2024-04-17 08:47:15.0000",,,,,
"2024-04-17 09:10:00.0000",9.09,55.5,1.3733617067337,6.30149269104004,19.0817127227783
"2024-04-17 09:00:00.0000",8.93,55.77,1.48638212680817,6.87820434570312,16.5454082489014
"2024-04-17 09:03:44.0000",,,,,
"2024-04-17 09:20:00.0000",9.12,56.6,1.60425400733948,7.60227251052856,22.8483619689941
"2024-04-17 09:30:00.0000",9.33,55.19,1.46589827537537,7.17296838760376,19.6836814880371
"2024-04-17 09:21:14.0000",,,,,
"2024-04-17 09:40:00.0000",9.26,56.23,1.72194921970367,7.51930665969849,28.1509819030762
"2024-04-17 09:38:44.0000",,,,,
"2024-04-17 10:00:00.0000",9.19,56.76,1.51783227920532,7.00831413269043,19.5473175048828
"2024-04-17 09:50:00.0000",9.33,57.57,1.52481126785278,6.45365047454834,17.0491218566895
"2024-04-17 09:57:14.0000",,,,,
"2024-04-17 10:10:00.0000",9.24,56.08,1.45861542224884,7.26365423202515,20.3399486541748
"2024-04-17 10:13:43.0000",,,,,
"2024-04-17 10:20:00.0000",9.48,56.62,1.56873655319214,7.56831932067871,26.4488487243652
"2024-04-17 10:30:00.0000",9.48,56.62,2.18759632110596,8.84288024902344,29.5189571380615
"2024-04-17 10:31:11.0000",,,,,
"2024-04-17 10:40:00.0000",9.72,54.27,1.49446451663971,6.98600482940674,16.2521514892578
"2024-04-17 10:50:00.0000",10.11,52.52,1.65491807460785,7.14873790740967,31.0839920043945
"2024-04-17 11:00:00.0000",10.48,51.2,1.55291044712067,6.22814798355103,18.6223907470703
"2024-04-17 10:48:42.0000",,,,,
"2024-04-17 10:58:44.0000",,,,,
"2024-04-17 11:10:00.0000",10.68,52.8,1.60247159004211,8.27350807189941,21.2112979888916
"2024-04-17 11:07:12.0000",,,,,
"2024-04-17 11:30:00.0000",11.42,49.82,1.56872844696045,7.09352159500122,23.4833965301514
"2024-04-17 11:20:00.0000",11.22,51.17,1.54797470569611,6.4258074760437,16.6564865112305
"2024-04-17 11:23:41.0000",,,,,
"2024-04-17 11:40:00.0000",11.53,49.79,1.52832472324371,6.79072999954224,22.4540996551514
"2024-04-17 11:41:16.0000",,,,,
"2024-04-17 11:50:00.0000",11.48,48.93,1.80915105342865,7.09114646911621,19.6824893951416
"2024-04-17 11:58:45.0000",,,,,
"2024-04-17 12:00:00.0000",11.37,49.21,1.640833735466,6.22505760192871,23.3971843719482
"2024-04-17 12:10:00.0000",11.81,48.71,1.42466962337494,6.75197172164917,21.5145034790039
"2024-04-17 12:20:00.0000",11.94,49.19,1.69352471828461,6.99680852890015,24.1594371795654
"2024-04-17 12:17:17.0000",,,,,
"2024-04-17 12:30:00.0000",12.05,47.65,1.66867852210999,6.72478151321411,19.5117664337158
"2024-04-17 12:40:00.0000",12.21,47.13,1.73784077167511,8.43333530426025,21.8264255523682
"2024-04-17 12:33:44.0000",,,,,
"2024-04-17 12:50:00.0000",11.5,48.1,1.3728289604187,6.51167488098145,22.8844299316406
"2024-04-17 13:00:00.0000",12,47.15,2.15568351745605,8.26318073272705,22.99880027771
"2024-04-17 12:51:13.0000",,,,,
"2024-04-17 13:10:00.0000",12.25,46.53,1.8072315454483,9.40178298950195,49.071460723877
"2024-04-17 13:08:44.0000",,,,,
"2024-04-17 13:20:00.0000",11.4,48.61,1.54231214523315,5.88936185836792,13.7604084014893
"2024-04-17 13:30:00.0000",11.69,48.55,1.61178123950958,7.2638521194458,33.757640838623
"2024-04-17 13:27:14.0000",,,,,
"2024-04-17 13:40:00.0000",11.45,50.55,1.58490192890167,7.63622236251831,22.8684482574463
"2024-04-17 13:43:43.0000",,,,,
"2024-04-17 13:50:00.0000",11.27,51.19,1.43260490894318,6.66105699539185,23.4028301239014
"2024-04-17 14:00:00.0000",11.88,49.16,1.29887509346008,5.95230865478516,14.1533107757568
"2024-04-17 14:10:00.0000",12.23,49.58,1.35458385944366,5.87557506561279,27.2647457122803
"2024-04-17 14:01:12.0000",,,,,
"2024-04-17 14:20:00.0000",11.73,48.73,1.3617525100708,5.41778469085693,13.4770860671997
"2024-04-17 14:30:00.0000",11.63,48.85,1.41895925998688,6.15261840820312,20.730110168457
"2024-04-17 14:18:43.0000",,,,,
"2024-04-17 14:40:00.0000",12.69,47.98,1.29229760169983,5.5490345954895,13.9066762924194
"2024-04-17 14:37:13.0000",,,,,
"2024-04-17 14:50:00.0000",13.07,46.27,1.56567347049713,5.80379581451416,20.1524295806885
"2024-04-17 15:00:00.0000",13.44,45.95,1.32579922676086,4.79877281188965,9.69050216674805
"2024-04-17 14:53:40.0000",,,,,
"2024-04-17 15:10:00.0000",13.34,47.99,1.61994910240173,6.70874118804932,21.9033298492432
"2024-04-17 15:11:11.0000",,,,,
"2024-04-17 15:20:00.0000",13.43,47.03,1.23931348323822,5.15416479110718,15.369966506958
"2024-04-17 15:30:00.0000",13.63,47.77,1.45982301235199,7.63897514343262,23.3075752258301
"2024-04-17 15:28:41.0000",,,,,
"2024-04-17 15:40:00.0000",13.5,48.64,1.86583697795868,7.42028474807739,20.5601139068604
"2024-04-17 15:50:00.0000",13.22,47.87,1.45047104358673,6.67739486694336,20.7466049194336
"2024-04-17 16:00:00.0000",12.7,48.91,1.45244336128235,6.54369115829468,13.681568145752
"2024-04-17 15:47:06.0000",,,,,
"2024-04-17 16:10:00.0000",12.07,49.6,1.42111384868622,6.3176794052124,24.4418277740479
"2024-04-17 16:03:40.0000",,,,,
"2024-04-17 16:20:00.0000",11.98,48.93,1.64206719398499,5.90863513946533,15.86887550354
"2024-04-17 16:30:00.0000",12.12,50.62,1.34346735477448,4.99779367446899,14.7875032424927
"2024-04-17 16:21:09.0000",,,,,
"2024-04-17 16:40:00.0000",11.54,50.84,1.34268414974213,7.48102474212646,20.0594997406006
"2024-04-17 16:38:39.0000",,,,,
"2024-04-17 17:00:00.0000",12.44,51.15,1.24859690666199,5.70850372314453,14.8093137741089
"2024-04-17 16:50:00.0000",11.88,51.83,2.18297362327576,7.66365671157837,19.8365879058838
"2024-04-17 16:57:10.0000",,,,,
"2024-04-17 17:10:00.0000",12.32,50.9,1.11618423461914,4.98991966247559,18.4236221313477
"2024-04-17 17:13:38.0000",,,,,
"2024-04-17 17:20:00.0000",12.16,51.76,1.18204879760742,5.35862302780151,21.4757709503174
"2024-04-17 17:30:00.0000",12.29,52.64,1.29762721061707,6.73609733581543,30.7111682891846
"2024-04-17 17:40:00.0000",12.5,53.09,1.32760310173035,5.87900304794312,19.4748668670654
"2024-04-17 17:31:08.0000",,,,,
"2024-04-17 17:50:00.0000",11.96,53.06,1.59466743469238,7.52015972137451,16.3793659210205
"2024-04-17 17:48:43.0000",,,,,
"2024-04-17 18:00:00.0000",11.33,54.95,1.56724143028259,7.18676328659058,16.7945404052734
"2024-04-17 18:10:00.0000",11.66,55.3,1.31461977958679,6.71181440353394,17.4212398529053
"2024-04-17 18:07:09.0000",,,,,
"2024-04-17 18:20:00.0000",11.6,56.12,1.40946185588837,6.60958671569824,16.8810653686523
"2024-04-17 18:30:00.0000",11.67,54.59,1.22249579429626,5.34952545166016,16.5512390136719
"2024-04-17 18:23:41.0000",,,,,
"2024-04-17 18:40:00.0000",11.55,55.18,1.21024668216705,5.36436986923218,12.917106628418
"2024-04-17 18:41:11.0000",,,,,
"2024-04-17 18:50:00.0000",11.33,54.1,1.45199859142303,6.01236963272095,12.7669286727905
"2024-04-17 19:00:00.0000",11.48,53.21,1.16216349601746,5.89093923568726,19.3664302825928
"2024-04-17 18:58:41.0000",,,,,
"2024-04-17 19:10:00.0000",11.26,54.49,1.34719955921173,5.93200016021729,17.0937614440918
"2024-04-17 19:20:00.0000",11.24,54.78,1.80556273460388,6.61795043945312,14.6799373626709
"2024-04-17 19:17:07.0000",,,,,
"2024-04-17 19:40:00.0000",10.52,58.63,1.7234138250351,8.1360387802124,27.8227844238281
"2024-04-17 19:30:00.0000",10.97,56.52,1.5771256685257,7.0716552734375,24.6330299377441
"2024-04-17 19:33:40.0000",,,,,
"2024-04-17 19:50:00.0000",10.14,58.65,1.85144698619843,7.0632791519165,23.729341506958
"2024-04-17 19:51:10.0000",,,,,
"2024-04-17 20:00:00.0000",9.86,58.74,2.03149652481079,8.43241596221924,25.5568714141846
"2024-04-17 20:10:00.0000",9.67,59.96,2.17072343826294,8.60755157470703,24.9747848510742
"2024-04-17 20:08:40.0000",,,,,
"2024-04-17 20:20:00.0000",9.54,60.82,1.79333817958832,7.44815826416016,17.6244812011719
"2024-04-17 20:27:11.0000",,,,,
"2024-04-17 20:30:00.0000",9.36,61.21,1.651442527771,6.92228937149048,24.4336471557617
"2024-04-17 20:40:00.0000",9.28,61.14,2.18892049789429,8.53085613250732,21.9433116912842
"2024-04-17 20:43:39.0000",,,,,
"2024-04-17 20:50:00.0000",9.23,61.56,2.04339551925659,7.43272352218628,15.8600959777832
"2024-04-17 21:00:00.0000",9.13,62.06,1.92162084579468,8.61221694946289,27.5835762023926
"2024-04-17 21:10:00.0000",9.05,62.07,1.73955380916595,8.13442325592041,23.2349052429199
"2024-04-17 21:01:08.0000",,,,,
"2024-04-17 21:20:00.0000",8.93,61.33,1.96424984931946,6.98134469985962,23.2179431915283
"2024-04-17 21:18:38.0000",,,,,
"2024-04-17 21:30:00.0000",8.76,60.08,1.76503455638885,6.04968738555908,13.5950841903687
"2024-04-17 21:40:00.0000",8.67,58.05,1.67553913593292,5.75515365600586,13.2170248031616
"2024-04-17 21:37:07.0000",,,,,
"2024-04-17 21:50:00.0000",8.57,55.48,1.02588403224945,3.38809776306152,10.2587127685547
"2024-04-17 21:53:38.0000",,,,,
"2024-04-17 22:00:00.0000",8.45,54.86,1.05767703056335,3.91615509986877,9.54313850402832
"2024-04-17 22:10:00.0000",8.29,54.15,1.28607106208801,4.32005977630615,10.1524267196655
"2024-04-17 22:11:11.0000",,,,,
"2024-04-17 22:20:00.0000",8.08,54.26,1.21385622024536,4.55485105514526,13.9272499084473
"2024-04-17 22:28:41.0000",,,,,
"2024-04-17 22:30:00.0000",7.93,55.23,1.34569919109344,4.22619390487671,13.2566051483154
"2024-04-17 22:40:00.0000",7.81,55.48,1.29885041713715,4.38020277023315,11.3300132751465
"2024-04-17 22:50:00.0000",7.77,55.37,1.05770909786224,4.11218309402466,9.93368434906006
"2024-04-17 22:47:08.0000",,,,,
"2024-04-17 23:10:00.0000",7.5,55.32,1.28500854969025,4.42542219161987,14.5370540618896
"2024-04-17 23:00:00.0000",7.66,55.16,1.32201552391052,4.8715672492981,13.83167552948
"2024-04-17 23:03:40.0000",,,,,
"2024-04-17 23:20:00.0000",7.34,55.76,1.21493124961853,3.81898021697998,8.98992347717285
"2024-04-17 23:21:11.0000",,,,,
"2024-04-17 23:40:00.0000",7.08,56.45,1.03430807590485,4.20906591415405,27.9183082580566
"2024-04-17 23:30:00.0000",7.23,56.01,1.18297076225281,4.12309122085571,13.4804391860962
"2024-04-17 23:38:39.0000",,,,,
"2024-04-17 23:50:00.0000",6.92,56.7,1.07926595211029,4.8647313117981,10.583966255188
"2024-04-17 23:57:11.0000",,,,,
"2024-04-18 00:00:00.0000",6.72,57.35,1.03224158287048,4.18247890472412,12.2347192764282
"2024-04-18 00:10:00.0000",6.64,58.08,1.08158302307129,3.68105530738831,11.4946489334106
"2024-04-18 00:13:39.0000",,,,,
"2024-04-18 00:20:00.0000",6.54,58.36,1.12847518920898,4.35833215713501,19.2865047454834
"2024-04-18 00:30:00.0000",6.47,58.72,1.08026695251465,4.7099552154541,18.772777557373
"2024-04-18 00:31:09.0000",,,,,
"2024-04-18 00:40:00.0000",6.31,58.84,1.19199872016907,4.62008047103882,10.7564716339111
"2024-04-18 00:50:00.0000",6.2,59.35,1.11043703556061,4.14316654205322,12.9783926010132
"2024-04-18 00:48:37.0000",,,,,
"2024-04-18 01:10:00.0000",6.02,60.16,0.89819997549057,3.65927791595459,12.3079462051392
"2024-04-18 01:00:00.0000",6.12,59.99,1.1176495552063,4.77087640762329,14.2016487121582
"2024-04-18 01:07:10.0000",,,,,
"2024-04-18 01:20:00.0000",6,61.32,1.10391473770142,4.4166693687439,14.4778327941895
"2024-04-18 01:23:38.0000",,,,,
"2024-04-18 01:30:00.0000",5.95,61.49,1.13725244998932,4.73926496505737,19.9128665924072
"2024-04-18 01:40:00.0000",5.84,61.43,1.12513601779938,3.19294929504395,7.73383760452271
"2024-04-18 01:41:07.0000",,,,,
"2024-04-18 01:50:00.0000",5.78,61.92,1.2650465965271,4.82268571853638,13.3389472961426
"2024-04-18 01:58:36.0000",,,,,
"2024-04-18 02:00:00.0000",5.64,62.21,1.29085040092468,3.96365261077881,8.17274951934814
"2024-04-18 02:10:00.0000",5.51,62.45,1.11251580715179,4.02833652496338,13.9283361434937
"2024-04-18 02:20:00.0000",5.3,62.56,1.11298227310181,3.38208770751953,7.62046384811401
"2024-04-18 02:17:07.0000",,,,,
"2024-04-18 02:40:00.0000",5.19,64.06,1.18917405605316,4.08396530151367,9.52157306671143
"2024-04-18 02:30:00.0000",5.2,62.98,1.1682653427124,4.76395273208618,13.555061340332
"2024-04-18 02:33:41.0000",,,,,
"2024-04-18 02:50:00.0000",5.2,64.91,1.25871515274048,4.37389516830444,10.961145401001
"2024-04-18 02:51:11.0000",,,,,
"2024-04-18 03:10:00.0000",5.14,65.58,1.23146831989288,4.19920969009399,8.75973320007324
"2024-04-18 03:00:00.0000",5.21,65.51,1.60575151443481,5.53692674636841,16.4556255340576
"2024-04-18 03:08:40.0000",,,,,
"2024-04-18 03:20:00.0000",5.15,66.14,1.17143416404724,4.0337176322937,9.29944515228271
"2024-04-18 03:27:11.0000",,,,,
"2024-04-18 03:30:00.0000",5.18,66.79,1.61080586910248,6.12847375869751,13.3641014099121
"2024-04-18 03:40:00.0000",5.24,67.73,1.40458405017853,5.0896463394165,19.4000186920166
"2024-04-18 03:43:39.0000",,,,,
"2024-04-18 03:50:00.0000",5.18,67.91,1.55880999565125,5.47713136672974,13.1446666717529
"2024-04-18 04:00:00.0000",5.23,70.29,1.6858195066452,5.8628978729248,13.9770517349243
"2024-04-18 04:10:00.0000",5.12,69.23,1.54230129718781,6.50095415115356,17.0231609344482
"2024-04-18 04:01:04.0000",,,,,
"2024-04-18 04:20:00.0000",5.03,69.72,1.53970146179199,7.03240776062012,30.8125667572021
"2024-04-18 04:18:37.0000",,,,,
"2024-04-18 04:30:00.0000",5.08,69.95,1.2867226600647,4.59914445877075,13.3675775527954
"2024-04-18 04:40:00.0000",4.99,70.13,1.13499546051025,5.53658962249756,22.1916065216064
"2024-04-18 04:37:03.0000",,,,,
"2024-04-18 04:50:00.0000",4.95,70.27,1.4300172328949,4.63228559494019,12.2672023773193
"2024-04-18 04:53:38.0000",,,,,
"2024-04-18 05:00:00.0000",5.01,70.94,1.56232154369354,5.7717227935791,20.5814952850342
"2024-04-18 05:10:00.0000",4.9,70.36,1.92369246482849,5.15596294403076,10.8012208938599
"2024-04-18 05:11:06.0000",,,,,
"2024-04-18 05:20:00.0000",4.81,70.28,1.72173297405243,6.70246982574463,33.3487892150879
"2024-04-18 05:28:37.0000",,,,,
"2024-04-18 05:30:00.0000",4.68,70.12,1.34886789321899,4.81539964675903,15.6046371459961
"2024-04-18 05:40:00.0000",4.65,70.3,1.28001511096954,5.02027750015259,17.6103630065918
"2024-04-18 05:50:00.0000",4.72,70.61,1.38400411605835,5.76078271865845,16.5801258087158
"2024-04-18 05:47:02.0000",,,,,
"2024-04-18 06:10:00.0000",5.18,70.77,1.44724798202515,6.21498727798462,22.4876327514648
"2024-04-18 06:00:00.0000",4.99,71.17,1.36427688598633,5.50134468078613,13.2819595336914
"2024-04-18 06:03:36.0000",,,,,
"2024-04-18 06:20:00.0000",5.29,70.02,1.52220141887665,6.89881372451782,15.8712196350098
"2024-04-18 06:21:05.0000",,,,,
"2024-04-18 06:40:00.0000",5.6,68.87,1.76803529262543,6.46545124053955,15.2238903045654
"2024-04-18 06:30:00.0000",5.42,69.66,1.74175703525543,7.30300235748291,15.5194959640503
"2024-04-18 06:38:35.0000",,,,,
"2024-04-18 06:50:00.0000",5.74,68.02,1.56928598880768,6.9020791053772,19.5268325805664
"2024-04-18 06:57:05.0000",,,,,
"2024-04-18 07:00:00.0000",5.87,67.34,1.72457444667816,6.96517705917358,19.5163497924805
"2024-04-18 07:10:00.0000",6.07,67.1,1.86085569858551,7.19698095321655,17.4821166992188
"2024-04-18 07:13:35.0000",,,,,
"2024-04-18 07:20:00.0000",6.2,66.62,1.62716341018677,7.28554344177246,21.1481475830078
"2024-04-18 07:30:00.0000",6.42,65.85,1.44138157367706,6.36838436126709,14.9617366790771
"2024-04-18 07:31:03.0000",,,,,
"2024-04-18 07:40:00.0000",6.77,65.14,1.61534702777863,8.30555820465088,35.0105628967285
"2024-04-18 07:50:00.0000",7,64.17,1.75376188755035,7.4720401763916,23.9269924163818
"2024-04-18 08:00:00.0000",7.14,63.69,1.76526308059692,7.30726051330566,23.2036819458008
"2024-04-18 07:48:33.0000",,,,,
"2024-04-18 08:10:00.0000",7.43,63.21,1.91664659976959,6.63616991043091,27.5722618103027
"2024-04-18 08:07:03.0000",,,,,
"2024-04-18 08:20:00.0000",7.64,61.71,1.38319003582001,5.00487232208252,16.5825042724609
"2024-04-18 08:23:33.0000",,,,,
"2024-04-18 08:30:00.0000",7.86,59.55,1.15511214733124,4.47972726821899,12.8279399871826
"2024-04-18 08:40:00.0000",8.13,58.52,1.51727831363678,5.93189239501953,14.146556854248
"2024-04-18 08:41:08.0000",,,,,
"2024-04-18 08:50:00.0000",8.32,56.9,1.29048156738281,5.3154034614563,19.9791507720947
"2024-04-18 09:00:00.0000",8.8,56.35,1.20127427577972,4.47306632995605,16.0012645721436
"2024-04-18 08:58:37.0000",,,,,
"2024-04-18 09:10:00.0000",9.39,53.1,0.862069129943848,3.21195673942566,7.56669664382935
"2024-04-18 09:20:00.0000",9.92,52.86,1.18547523021698,4.72163867950439,13.9450483322144
"2024-04-18 09:17:04.0000",,,,,
"2024-04-18 09:30:00.0000",10.17,53.04,1.10334825515747,4.30408191680908,11.5291423797607
"2024-04-18 09:40:00.0000",10.07,57.15,1.18179738521576,4.30126190185547,18.0876407623291
"2024-04-18 09:33:36.0000",,,,,
"2024-04-18 09:50:00.0000",10.01,59.92,1.48736834526062,7.49208068847656,30.5089282989502
"2024-04-18 09:51:05.0000",,,,,
"2024-04-18 10:00:00.0000",10.15,60.44,1.38763582706451,5.9716329574585,15.4431495666504
"2024-04-18 10:10:00.0000",10.15,60.49,1.38406658172607,6.12812662124634,21.7463340759277
"2024-04-18 10:08:36.0000",,,,,
"2024-04-18 10:20:00.0000",10.3,60.2,1.29687929153442,5.61361026763916,12.6729011535645
"2024-04-18 10:30:00.0000",10.55,58.55,1.76587426662445,5.74109315872192,16.6023998260498
"2024-04-18 10:27:07.0000",,,,,
"2024-04-18 10:40:00.0000",10.58,59.81,1.125608086586,4.46622896194458,10.7539958953857
"2024-04-18 10:43:34.0000",,,,,
"2024-04-18 10:50:00.0000",10.67,59.24,1.20646584033966,4.5105299949646,9.88210105895996
"2024-04-18 11:00:00.0000",10.92,59.12,1.43194806575775,6.66654777526855,17.7481098175049
"2024-04-18 10:58:36.0000",,,,,
"2024-04-18 11:10:00.0000",11.14,56.73,1.25488901138306,4.82479286193848,14.4332189559937
"2024-04-18 11:01:03.0000",,,,,
"2024-04-18 11:20:00.0000",11.23,55.39,1.09771084785461,4.23232364654541,14.3363342285156
"2024-04-18 11:18:35.0000",,,,,
"2024-04-18 11:30:00.0000",11.17,55.71,1.23498523235321,4.88547897338867,12.1221780776978
"2024-04-18 11:40:00.0000",11.05,56.82,1.15764880180359,5.0150785446167,12.1770219802856
"2024-04-18 11:37:05.0000",,,,,
"2024-04-18 12:00:00.0000",11.59,54.74,1.01460814476013,3.87968015670776,10.9329633712769
"2024-04-18 11:50:00.0000",11.04,58.73,1.05048942565918,4.47769165039062,18.97483253479
"2024-04-18 11:53:33.0000",,,,,
"2024-04-18 12:10:00.0000",11.58,54.66,0.938546478748322,3.968834400177,13.2303800582886
"2024-04-18 12:11:03.0000",,,,,
"2024-04-18 12:20:00.0000",11.19,55.93,0.91805899143219,4.19036722183228,10.9909658432007
"2024-04-18 12:30:00.0000",11.7,55.8,1.07258224487305,4.17904043197632,12.9292459487915
"2024-04-18 12:28:32.0000",,,,,
"2024-04-18 12:40:00.0000",11.58,54.11,0.998025417327881,4.17326545715332,14.1369857788086
"2024-04-18 12:50:00.0000",11.3,53.86,0.798019766807556,3.93748736381531,10.4640769958496
"2024-04-18 13:00:00.0000",10.97,54.94,0.916621446609497,3.88390874862671,9.13576984405518
"2024-04-18 12:47:02.0000",,,,,
"2024-04-18 13:10:00.0000",11.07,54.54,1.13728892803192,4.80893707275391,12.6388902664185
"2024-04-18 13:03:36.0000",,,,,
"2024-04-18 13:20:00.0000",11.03,55.49,0.930197536945343,3.92679286003113,8.16002082824707
"2024-04-18 13:30:00.0000",10.78,56.56,1.03550446033478,4.61673450469971,18.9098606109619
"2024-04-18 13:21:07.0000",,,,,
"2024-04-18 13:40:00.0000",10.75,57.5,1.05933332443237,3.80120897293091,12.2964181900024
"2024-04-18 13:38:35.0000",,,,,
"2024-04-18 14:00:00.0000",10.06,64.72,1.04739987850189,4.48627805709839,12.6248865127563
"2024-04-18 13:50:00.0000",10.49,60.5,0.823479115962982,3.20041990280151,9.77524566650391
"2024-04-18 13:57:06.0000",,,,,
"2024-04-18 14:10:00.0000",9.75,66.4,1.08216035366058,3.89500641822815,11.7333669662476
"2024-04-18 14:13:34.0000",,,,,
"2024-04-18 14:20:00.0000",9.52,67.88,0.895511031150818,2.99631118774414,8.59981822967529
"2024-04-18 14:30:00.0000",9.21,69.29,0.759753525257111,2.91838574409485,12.4110517501831
"2024-04-18 14:40:00.0000",9.14,71.31,1.51079106330872,6.23136949539185,28.1580410003662
"2024-04-18 14:31:05.0000",,,,,
"2024-04-18 14:50:00.0000",9.16,72.94,1.20898234844208,4.773521900177,17.584300994873
"2024-04-18 15:00:00.0000",9.05,73.72,1.34824073314667,5.10935878753662,11.4079055786133
"2024-04-18 14:48:33.0000",,,,,
"2024-04-18 15:10:00.0000",9.07,74.76,1.47588431835175,4.87163019180298,10.5826930999756
"2024-04-18 15:07:04.0000",,,,,
"2024-04-18 15:20:00.0000",9.12,75.68,1.37246012687683,5.60744094848633,15.1803455352783
"2024-04-18 15:30:00.0000",9.21,76.96,1.27071225643158,4.39434194564819,9.85839939117432
"2024-04-18 15:23:33.0000",,,,,
"2024-04-18 15:40:00.0000",9.32,76.14,1.64704954624176,6.63853979110718,17.1697883605957
"2024-04-18 15:41:03.0000",,,,,
"2024-04-18 15:50:00.0000",9.41,75.81,1.12226486206055,4.29591512680054,14.0508117675781
"2024-04-18 15:58:32.0000",,,,,
"2024-04-18 16:00:00.0000",9.5,74.99,0.886993944644928,3.13054323196411,7.94919967651367
"2024-04-18 16:10:00.0000",9.67,74.14,1.12786853313446,4.52753400802612,14.3442535400391
"2024-04-18 16:20:00.0000",9.69,74.36,1.07757520675659,3.694087266922,9.96408843994141
"2024-04-18 16:17:04.0000",,,,,
"2024-04-18 16:30:00.0000",9.53,76.58,1.30452811717987,4.62234306335449,13.2544755935669
"2024-04-18 16:40:00.0000",9.41,77.7,1.38263285160065,5.57300758361816,12.9530324935913
"2024-04-18 16:33:31.0000",,,,,
"2024-04-18 16:50:00.0000",9.34,77.87,1.87518119812012,7.81289386749268,19.4788837432861
"2024-04-18 16:51:01.0000",,,,,
"2024-04-18 17:00:00.0000",9.37,78.65,1.59691333770752,6.76109218597412,15.6722116470337
"2024-04-18 17:10:00.0000",9.46,79.23,1.24909937381744,6.1441822052002,20.630126953125
"2024-04-18 17:08:30.0000",,,,,
"2024-04-18 17:30:00.0000",9.66,77.22,1.34322082996368,5.16513776779175,13.0257234573364
"2024-04-18 17:20:00.0000",9.59,78,1.39080429077148,5.55346632003784,15.1268539428711
"2024-04-18 17:26:57.0000",,,,,
"2024-04-18 17:40:00.0000",9.71,77.23,2.58847236633301,8.19025897979736,26.3452892303467
"2024-04-18 17:43:31.0000",,,,,
"2024-04-18 17:50:00.0000",9.64,78.27,1.29028463363647,4.81399774551392,15.5392503738403
"2024-04-18 18:00:00.0000",9.66,78.37,1.66253888607025,7.31218004226685,23.0815620422363
"2024-04-18 18:01:00.0000",,,,,
"2024-04-18 18:10:00.0000",9.76,78.33,1.724156498909,7.0287914276123,21.7126617431641
"2024-04-18 18:20:00.0000",9.75,78.63,1.67019176483154,7.63967180252075,25.1136837005615
"2024-04-18 18:18:29.0000",,,,,
"2024-04-18 18:30:00.0000",9.77,79.01,1.52625811100006,5.90035057067871,16.911169052124
"2024-04-18 18:40:00.0000",9.77,80.29,1.4954799413681,6.13149785995483,19.3957958221436
"2024-04-18 18:37:00.0000",,,,,
"2024-04-18 18:50:00.0000",9.83,80.74,1.46034252643585,6.24281358718872,26.0949535369873
"2024-04-18 19:00:00.0000",9.83,81.22,2.33612275123596,8.40734767913818,17.6369113922119
"2024-04-18 18:53:30.0000",,,,,
"2024-04-18 19:10:00.0000",9.88,81.62,1.59648060798645,7.06675481796265,28.1203918457031
"2024-04-18 19:11:02.0000",,,,,
"2024-04-18 19:20:00.0000",9.95,82.06,1.78611671924591,9.26811599731445,21.0549011230469
"2024-04-18 19:28:32.0000",,,,,
"2024-04-18 19:30:00.0000",9.95,82.52,1.74904727935791,8.19734764099121,17.4931583404541
"2024-04-18 19:40:00.0000",9.97,82.71,1.75307822227478,8.21115016937256,22.4665927886963
"2024-04-18 19:50:00.0000",10.1,81.94,1.88513815402985,9.28473949432373,24.2066535949707
"2024-04-18 19:46:59.0000",,,,,
"2024-04-18 20:00:00.0000",10.26,81.31,1.73576033115387,8.85037899017334,25.4778938293457
"2024-04-18 20:10:00.0000",10.33,81.64,1.76839411258698,9.39190483093262,20.6665725708008
"2024-04-18 20:03:32.0000",,,,,
"2024-04-18 20:20:00.0000",10.37,80.97,2.17342209815979,10.8527860641479,22.0307083129883
"2024-04-18 20:21:02.0000",,,,,
"2024-04-18 20:40:00.0000",10.39,81.33,2.16062760353088,11.6802597045898,29.9697799682617
"2024-04-18 20:30:00.0000",10.39,81.39,1.69517421722412,8.7556095123291,17.6334533691406
"2024-04-18 20:38:32.0000",,,,,
"2024-04-18 20:50:00.0000",10.44,81.28,2.15538239479065,11.9828643798828,24.2103538513184
"2024-04-18 20:56:58.0000",,,,,
"2024-04-18 21:00:00.0000",10.19,84.26,2.63592767715454,14.4240598678589,28.1452655792236
"2024-04-18 21:10:00.0000",9.91,87.08,2.97789907455444,16.9010887145996,40.912166595459
"2024-04-18 21:13:30.0000",,,,,
"2024-04-18 21:20:00.0000",9.81,87.65,3.40013360977173,17.5888557434082,37.3840522766113
"2024-04-18 21:30:00.0000",9.75,88.47,4.01361036300659,21.6486129760742,61.050651550293
"2024-04-18 21:40:00.0000",9.76,88.46,3.68265008926392,22.3257350921631,55.4373970031738
"2024-04-18 21:30:59.0000",,,,,
"2024-04-18 21:50:00.0000",9.81,88.33,3.42085003852844,21.57297706604,57.2912368774414
"2024-04-18 21:48:29.0000",,,,,
"2024-04-18 22:00:00.0000",9.88,87.06,3.27004408836365,17.9379081726074,45.868709564209
"2024-04-18 22:10:00.0000",9.99,86.12,2.92379713058472,17.6438598632812,42.303035736084
"2024-04-18 22:07:01.0000",,,,,
"2024-04-18 22:20:00.0000",10.15,83.2,2.71592307090759,15.7948446273804,45.9885864257812
"2024-04-18 22:23:28.0000",,,,,
"2024-04-18 22:30:00.0000",10.32,80.16,3.04431486129761,17.6872329711914,40.3684158325195
"2024-04-18 22:40:00.0000",10.37,78.69,3.02533578872681,15.686577796936,35.976619720459
"2024-04-18 22:40:59.0000",,,,,
"2024-04-18 22:50:00.0000",10.45,78.64,3.41861939430237,17.6673641204834,47.011604309082
"2024-04-18 23:00:00.0000",10.42,79.11,3.16510200500488,18.6375045776367,41.5972061157227
"2024-04-18 22:58:27.0000",,,,,
"2024-04-18 23:10:00.0000",10.37,79.49,2.69780254364014,14.0249471664429,37.4818572998047
"2024-04-18 23:20:00.0000",10.39,80.11,2.54775452613831,12.3424758911133,27.2613525390625
"2024-04-18 23:16:58.0000",,,,,
"2024-04-18 23:30:00.0000",10.31,80.98,2.79233241081238,14.3304824829102,29.6703014373779
"2024-04-18 23:40:00.0000",10.3,81.3,2.8787944316864,14.9377756118774,32.8024749755859
"2024-04-18 23:33:32.0000",,,,,
"2024-04-18 23:50:00.0000",10.26,81.12,2.92582011222839,16.906530380249,34.3359870910645
"2024-04-18 23:51:01.0000",,,,,
"2024-04-19 00:10:00.0000",10.17,81.77,3.09518814086914,17.0835494995117,37.1292419433594
"2024-04-19 00:00:00.0000",10.21,81.68,2.91624522209167,16.9120769500732,35.0788497924805
"2024-04-19 00:08:32.0000",,,,,
"2024-04-19 00:20:00.0000",10.13,80.96,3.79953980445862,23.0098571777344,57.8122673034668
"2024-04-19 00:26:57.0000",,,,,
"2024-04-19 00:30:00.0000",10.12,81.11,3.84893298149109,21.3109340667725,54.2252807617188
"2024-04-19 00:40:00.0000",10.11,80.89,3.65547561645508,21.7608890533447,48.5850296020508
"2024-04-19 00:43:30.0000",,,,,
"2024-04-19 00:50:00.0000",10.13,81.45,3.53541326522827,18.7527484893799,36.6444358825684
"2024-04-19 01:00:00.0000",10.11,81.1,3.35027861595154,17.8336429595947,38.5219650268555
"2024-04-19 01:10:00.0000",10.1,81.04,3.83777976036072,22.5730381011963,51.2567596435547
"2024-04-19 01:01:01.0000",,,,,
"2024-04-19 01:20:00.0000",10.1,81.48,3.67735576629639,20.1888866424561,46.874698638916
"2024-04-19 01:18:30.0000",,,,,
"2024-04-19 01:40:00.0000",10.09,81.63,3.5529887676239,20.2584438323975,54.8147125244141
"2024-04-19 01:30:00.0000",10.1,81.23,3.76058793067932,20.4544410705566,48.9792022705078
"2024-04-19 01:37:00.0000",,,,,
"2024-04-19 01:50:00.0000",10.08,81.67,3.82457852363586,21.7455196380615,46.3869705200195
"2024-04-19 01:53:28.0000",,,,,
"2024-04-19 02:00:00.0000",10.06,81.6,2.86110615730286,16.2276878356934,38.4638710021973
"2024-04-19 02:10:00.0000",10.06,81.54,2.31893515586853,12.5646629333496,26.9850597381592
"2024-04-19 02:10:59.0000",,,,,
"2024-04-19 02:20:00.0000",10.06,81.33,2.82685136795044,14.596230506897,29.6922168731689
"2024-04-19 02:28:28.0000",,,,,
"2024-04-19 02:30:00.0000",10.04,82.13,2.80980753898621,14.8893928527832,40.1252059936523
"2024-04-19 02:40:00.0000",9.97,82.59,3.20946097373962,19.8125915527344,54.0010986328125
"2024-04-19 02:50:00.0000",9.9,83.37,2.88134431838989,16.5500144958496,47.3809280395508
"2024-04-19 02:46:59.0000",,,,,
"2024-04-19 03:00:00.0000",9.91,83.42,2.68058967590332,15.7966060638428,38.8552665710449
"2024-04-19 03:10:00.0000",9.97,82.24,2.26343846321106,13.5132102966309,31.7109260559082
"2024-04-19 03:03:28.0000",,,,,
"2024-04-19 03:20:00.0000",10.08,81.13,1.95508825778961,10.8718576431274,29.229700088501
"2024-04-19 03:20:57.0000",,,,,
"2024-04-19 03:30:00.0000",10.09,81.26,2.35548281669617,12.6327743530273,35.8018226623535
"2024-04-19 03:40:00.0000",10.04,82.53,2.09053993225098,11.0529584884644,26.0105381011963
"2024-04-19 03:38:27.0000",,,,,
"2024-04-19 03:50:00.0000",10.05,82.37,2.19835114479065,13.8290948867798,28.5840301513672
"2024-04-19 03:56:58.0000",,,,,
"2024-04-19 04:00:00.0000",9.99,83.06,2.08393836021423,10.8833055496216,23.4111251831055
"2024-04-19 04:10:00.0000",9.96,82.89,2.35524892807007,14.4366703033447,33.5605583190918
"2024-04-19 04:13:32.0000",,,,,
"2024-04-19 04:20:00.0000",9.94,83.79,2.14559960365295,11.2470979690552,23.4524173736572
"2024-04-19 04:30:00.0000",9.98,83.13,2.29052400588989,12.3062677383423,27.5350952148438
"2024-04-19 04:40:00.0000",9.94,83.76,2.24392580986023,13.4314708709717,27.3083972930908
"2024-04-19 04:31:00.0000",,,,,
"2024-04-19 04:50:00.0000",9.93,83.68,2.48165273666382,13.9294490814209,34.5735359191895
"2024-04-19 04:48:31.0000",,,,,
"2024-04-19 05:00:00.0000",9.96,82.86,2.46997761726379,14.7793960571289,44.5300903320312
"2024-04-19 05:10:00.0000",10.06,82.17,2.35930681228638,13.8253898620605,32.4943695068359
"2024-04-19 05:07:01.0000",,,,,
"2024-04-19 05:20:00.0000",10.05,82.48,2.41359233856201,14.5928068161011,35.7053756713867
"2024-04-19 05:23:29.0000",,,,,
"2024-04-19 05:30:00.0000",10.04,82.78,2.2135374546051,12.4871950149536,28.4799098968506
"2024-04-19 05:40:00.0000",10.1,81.22,1.92285943031311,11.006049156189,23.7941455841064
"2024-04-19 05:40:58.0000",,,,,
"2024-04-19 05:50:00.0000",10.23,80.39,2.26674556732178,12.578558921814,31.3351612091064
"2024-04-19 05:58:29.0000",,,,,
"2024-04-19 06:00:00.0000",10.08,82.14,2.1359851360321,11.9172344207764,29.1068649291992
"2024-04-19 06:10:00.0000",9.79,84.05,2.27714204788208,13.6213693618774,31.2954273223877
"2024-04-19 06:20:00.0000",9.68,84.73,2.29964208602905,13.232421875,31.0504379272461
"2024-04-19 06:30:00.0000",9.54,85.42,2.44124269485474,14.9916496276855,41.1702766418457
"2024-04-19 06:16:54.0000",,,,,
"2024-04-19 06:40:00.0000",9.61,86.5,2.48689389228821,16.3831787109375,47.3290519714355
"2024-04-19 06:33:28.0000",,,,,
"2024-04-19 06:50:00.0000",9.62,85.21,2.36814856529236,12.7524633407593,41.9193420410156
"2024-04-19 06:50:58.0000",,,,,
"2024-04-19 07:00:00.0000",9.73,84.48,2.73130893707275,16.402645111084,42.8784370422363
"2024-04-19 07:10:00.0000",9.84,84.03,2.54550337791443,15.952751159668,40.373722076416
"2024-04-19 07:08:28.0000",,,,,
"2024-04-19 07:20:00.0000",9.69,83.39,1.9635363817215,14.2710752487183,43.1415061950684
"2024-04-19 07:30:00.0000",9.62,82.75,1.90700078010559,11.4693546295166,31.7785491943359
"2024-04-19 07:26:53.0000",,,,,
"2024-04-19 07:40:00.0000",9.64,82.41,1.5181245803833,8.27998161315918,20.2493991851807
"2024-04-19 07:43:26.0000",,,,,
"2024-04-19 07:50:00.0000",9.64,79.22,1.32328426837921,6.84447240829468,16.454517364502
"2024-04-19 08:00:00.0000",9.66,78.96,1.21244144439697,5.962730884552,13.7517366409302
"2024-04-19 08:00:56.0000",,,,,
"2024-04-19 08:10:00.0000",9.73,78.9,1.39242589473724,7.99831056594849,21.6259346008301
"2024-04-19 08:20:00.0000",9.76,79.13,1.58002114295959,10.0868730545044,26.430570602417
"2024-04-19 08:18:26.0000",,,,,
"2024-04-19 08:30:00.0000",9.79,79.23,1.5720419883728,8.79395008087158,20.3536529541016
"2024-04-19 08:40:00.0000",9.82,79.51,1.72117102146149,9.80145645141602,29.1383323669434
"2024-04-19 08:36:56.0000",,,,,
"2024-04-19 08:50:00.0000",9.9,80.02,2.10045790672302,9.65266799926758,27.112024307251
"2024-04-19 09:00:00.0000",10.05,79.42,1.72774505615234,9.62013816833496,26.2338180541992
"2024-04-19 08:53:24.0000",,,,,
"2024-04-19 09:10:00.0000",10.23,79.6,1.65461194515228,8.59835529327393,20.2761840820312
"2024-04-19 09:10:54.0000",,,,,
"2024-04-19 09:20:00.0000",10.39,78.27,1.39365208148956,8.19466304779053,20.3597068786621
"2024-04-19 09:30:00.0000",10.56,74.12,1.31864058971405,6.49529123306274,13.3500900268555
"2024-04-19 09:28:23.0000",,,,,
"2024-04-19 09:40:00.0000",10.63,70.56,1.60768914222717,7.56129312515259,23.5124702453613
"2024-04-19 09:50:00.0000",10.69,69.66,2.05234408378601,11.3823652267456,31.1387348175049
"2024-04-19 10:00:00.0000",10.76,69.39,2.09859895706177,10.6837100982666,25.2599296569824
"2024-04-19 09:46:54.0000",,,,,
"2024-04-19 10:10:00.0000",10.6,68.44,1.88789999485016,10.3002233505249,26.524600982666
"2024-04-19 10:03:23.0000",,,,,
"2024-04-19 10:20:00.0000",10.74,68.26,2.5079140663147,12.8836116790771,42.1540718078613
"2024-04-19 10:30:00.0000",11.21,66.95,2.25619268417358,10.9071083068848,28.5982646942139
"2024-04-19 10:20:59.0000",,,,,
"2024-04-19 10:40:00.0000",11.66,65.66,2.52722597122192,12.0771951675415,38.6137847900391
"2024-04-19 10:38:28.0000",,,,,
"2024-04-19 10:50:00.0000",11.65,63.36,2.08476901054382,9.80585384368896,30.659740447998
"2024-04-19 10:56:53.0000",,,,,
"2024-04-19 10:58:26.0000",,,,,
"2024-04-19 11:00:00.0000",11.88,63.11,2.25231313705444,9.83227062225342,25.7440643310547
"2024-04-19 11:10:00.0000",12.23,61.48,2.24740433692932,8.74215698242188,29.5260467529297
"2024-04-19 11:13:26.0000",,,,,
"2024-04-19 11:20:00.0000",12.26,62.62,2.83913969993591,11.0242042541504,30.5242481231689
"2024-04-19 11:30:00.0000",12.59,61.88,2.81746339797974,11.2645931243896,32.9636535644531
"2024-04-19 11:30:57.0000",,,,,
"2024-04-19 11:40:00.0000",12.42,60.98,2.70232677459717,10.4670486450195,35.9449882507324
"2024-04-19 11:50:00.0000",12.08,61.17,2.92464637756348,11.1512012481689,31.8162956237793
"2024-04-19 12:00:00.0000",12.54,60.65,3.20986080169678,11.1585311889648,31.198392868042
"2024-04-19 11:48:26.0000",,,,,
"2024-04-19 12:10:00.0000",12.64,59.66,3.28996753692627,10.4946575164795,21.5230903625488
"2024-04-19 12:06:58.0000",,,,,
"2024-04-19 12:30:00.0000",12.88,60.13,4.06458187103271,12.4572839736938,25.5549602508545
"2024-04-19 12:20:00.0000",12.4,60.36,3.80686092376709,12.7646837234497,34.4767417907715
"2024-04-19 12:23:24.0000",,,,,
"2024-04-19 12:40:00.0000",12.85,60.24,3.85167193412781,12.1507272720337,34.450138092041
"2024-04-19 12:40:55.0000",,,,,
"2024-04-19 12:50:00.0000",12.78,58.99,4.1821494102478,12.1827840805054,24.6129379272461
"2024-04-19 13:00:00.0000",13.33,58,4.05065631866455,12.3619918823242,45.1138687133789
"2024-04-19 12:58:25.0000",,,,,
"2024-04-19 13:10:00.0000",13.51,57.67,4.07968378067017,13.1389608383179,34.5640830993652
"2024-04-19 13:20:00.0000",13.77,57.32,4.18670558929443,13.437123298645,29.786771774292
"2024-04-19 13:30:00.0000",13.73,56.31,3.98605608940125,10.757396697998,21.8578453063965
"2024-04-19 13:16:56.0000",,,,,
"2024-04-19 13:40:00.0000",13.83,58.45,4.52973985671997,12.9448232650757,24.1910953521729
"2024-04-19 13:33:23.0000",,,,,
"2024-04-19 13:50:00.0000",13.9,58.03,4.37758636474609,12.7989654541016,27.3251857757568
"2024-04-19 13:50:53.0000",,,,,
"2024-04-19 14:00:00.0000",14.3,57.28,4.62380599975586,12.8506298065186,28.2936019897461
"2024-04-19 14:10:00.0000",14.54,55.52,4.51461410522461,11.6719417572021,25.5858154296875
"2024-04-19 14:08:23.0000",,,,,
"2024-04-19 14:20:00.0000",14.64,54.53,4.27991199493408,10.0539598464966,22.258373260498
"2024-04-19 14:26:55.0000",,,,,
"2024-04-19 14:30:00.0000",14.64,54.47,4.52977800369263,11.337818145752,22.410816192627
"2024-04-19 14:40:00.0000",14.86,54.4,5.01352787017822,13.1314668655396,30.0455570220947
"2024-04-19 14:43:26.0000",,,,,
"2024-04-19 14:50:00.0000",15.17,53.37,4.76869630813599,12.9028816223145,26.3308086395264
"2024-04-19 15:00:00.0000",15.41,52.78,4.66998910903931,12.1568069458008,34.4085121154785
"2024-04-19 15:00:55.0000",,,,,
"2024-04-19 15:10:00.0000",15.16,52.42,4.56003952026367,11.0185623168945,23.2792186737061
"2024-04-19 15:20:00.0000",15.47,52.48,4.1601128578186,10.3337736129761,30.9604072570801
"2024-04-19 15:30:00.0000",15.04,52.38,4.29803371429443,9.84194660186768,23.2824172973633
"2024-04-19 15:18:25.0000",,,,,
"2024-04-19 15:40:00.0000",15.19,52.26,4.58978796005249,11.6141185760498,21.0488605499268
"2024-04-19 15:36:57.0000",,,,,
"2024-04-19 15:50:00.0000",15.36,51.66,4.28875398635864,10.8078994750977,20.1877307891846
"2024-04-19 15:53:25.0000",,,,,
"2024-04-19 16:00:00.0000",15.26,52.6,4.62070655822754,13.3762531280518,28.3677768707275
"2024-04-19 16:10:00.0000",15.41,52.76,4.66599035263062,11.9970626831055,26.3389682769775
"2024-04-19 16:10:54.0000",,,,,
"2024-04-19 16:20:00.0000",15.01,53.83,4.71905183792114,13.3871374130249,25.5400314331055
"2024-04-19 16:28:24.0000",,,,,
"2024-04-19 16:30:00.0000",14.95,53.82,5.08034801483154,13.7124376296997,25.9016227722168
"2024-04-19 16:40:00.0000",14.83,54.22,4.99891757965088,14.3531827926636,40.4979095458984
"2024-04-19 16:50:00.0000",14.77,54.78,5.06351804733276,14.4620294570923,36.0166931152344
"2024-04-19 16:46:56.0000",,,,,
"2024-04-19 17:00:00.0000",14.83,54.47,4.58988094329834,11.9219388961792,20.200023651123
"2024-04-19 17:10:00.0000",14.07,56.36,5.34994173049927,13.8025693893433,29.2479801177979
"2024-04-19 17:03:23.0000",,,,,
"2024-04-19 17:20:00.0000",13.85,56.39,4.94527292251587,13.2065534591675,31.0760631561279
"2024-04-19 17:20:54.0000",,,,,
"2024-04-19 17:30:00.0000",13.87,56.3,4.4893651008606,10.6456899642944,19.2110843658447
"2024-04-19 17:40:00.0000",13.66,57.45,5.25011110305786,13.5696821212769,27.0572299957275
"2024-04-19 17:38:23.0000",,,,,
"2024-04-19 17:50:00.0000",13.15,59.39,4.96354866027832,15.5696334838867,35.6130523681641
"2024-04-19 17:56:55.0000",,,,,
"2024-04-19 18:00:00.0000",13.49,59.68,4.7515115737915,13.5042314529419,31.5828533172607
"2024-04-19 18:10:00.0000",13.45,59.34,4.23646402359009,11.8110685348511,25.6762866973877
"2024-04-19 18:13:23.0000",,,,,
"2024-04-19 18:20:00.0000",13.38,59.35,4.57744073867798,13.7956352233887,32.3758544921875
"2024-04-19 18:30:00.0000",13.62,59.22,4.69688510894775,13.9658241271973,31.970531463623
"2024-04-19 18:30:52.0000",,,,,
"2024-04-19 18:40:00.0000",13.27,60.36,4.9011173248291,14.7264719009399,33.6201972961426
"2024-04-19 18:50:00.0000",13,61.76,4.68786668777466,14.726676940918,40.3794441223145
"2024-04-19 19:00:00.0000",12.82,62.08,4.76712465286255,15.0841093063354,39.4386291503906
"2024-04-19 18:48:26.0000",,,,,
"2024-04-19 19:10:00.0000",12.56,56.51,3.28009915351868,7.74796390533447,18.3957633972168
"2024-04-19 19:06:48.0000",,,,,
"2024-04-19 19:20:00.0000",12.22,59.15,2.67776226997375,6.32364082336426,12.9450807571411
"2024-04-19 19:23:20.0000",,,,,
"2024-04-19 19:30:00.0000",11.95,60.33,2.18932867050171,4.98994302749634,10.5755157470703
"2024-04-19 19:40:00.0000",11.74,58.93,1.99575567245483,3.66105794906616,9.20033550262451
"2024-04-19 19:40:49.0000",,,,,
"2024-04-19 19:50:00.0000",11.44,56.26,1.92733359336853,4.26585578918457,9.48490905761719
"2024-04-19 19:58:20.0000",,,,,
"2024-04-19 20:00:00.0000",11.28,57.92,2.08636474609375,5.7188925743103,22.1158714294434
"2024-04-19 20:10:00.0000",11.13,60.03,3.02300238609314,6.90122509002686,14.1572599411011
"2024-04-19 20:20:00.0000",10.93,61.59,3.46138548851013,9.06903648376465,25.5624256134033
"2024-04-19 20:16:50.0000",,,,,
"2024-04-19 20:30:00.0000",10.82,62.48,3.78832077980042,8.26462841033936,15.4782819747925
"2024-04-19 20:40:00.0000",10.66,63.67,3.63439869880676,10.301815032959,27.1639137268066
"2024-04-19 20:33:19.0000",,,,,
"2024-04-19 20:50:00.0000",10.49,64.23,3.20591711997986,8.96294212341309,25.7344341278076
"2024-04-19 20:50:53.0000",,,,,
"2024-04-19 21:10:00.0000",9.9,63.79,2.6642427444458,6.70265579223633,21.2589054107666
"2024-04-19 21:00:00.0000",10.1,65.73,3.27090167999268,7.93329572677612,15.0394697189331
"2024-04-19 21:08:23.0000",,,,,
"2024-04-19 21:20:00.0000",9.74,62.55,4.21397113800049,9.90615844726562,20.872142791748
"2024-04-19 21:26:50.0000",,,,,
"2024-04-19 21:30:00.0000",9.47,59.54,5.21622657775879,12.9212198257446,19.8995246887207
"2024-04-19 21:40:00.0000",9.3,59.15,2.9155170917511,8.09970760345459,14.2876129150391
"2024-04-19 21:43:21.0000",,,,,
"2024-04-19 21:50:00.0000",9.13,58.67,1.94123327732086,6.5289249420166,17.1519947052002
"2024-04-19 22:00:00.0000",8.94,58.22,2.18891501426697,7.37895965576172,15.3794040679932
"2024-04-19 22:10:00.0000",8.81,57.7,2.18479156494141,6.39609479904175,15.6823177337646
"2024-04-19 22:00:52.0000",,,,,
"2024-04-19 22:20:00.0000",8.65,57.69,1.92766642570496,5.64648628234863,16.0169525146484
"2024-04-19 22:18:21.0000",,,,,
"2024-04-19 22:30:00.0000",8.51,57.8,2.2786750793457,6.71920251846313,12.9045333862305
"2024-04-19 22:40:00.0000",8.35,58.07,1.96264135837555,6.52707147598267,13.1143188476562
"2024-04-19 22:36:47.0000",,,,,
"2024-04-19 22:50:00.0000",8.3,59.51,1.81734597682953,7.16405916213989,26.4564323425293
"2024-04-19 22:53:21.0000",,,,,
"2024-04-19 23:00:00.0000",8.2,59.31,1.85612404346466,5.48195123672485,16.1615104675293
"2024-04-19 23:10:00.0000",8,58.75,1.87625551223755,6.77210855484009,14.6534070968628
"2024-04-19 23:10:51.0000",,,,,
"2024-04-19 23:20:00.0000",7.83,58.84,1.83078181743622,5.44820165634155,10.1963415145874
"2024-04-19 23:28:19.0000",,,,,
"2024-04-19 23:30:00.0000",7.7,58.65,1.89406669139862,6.70711183547974,16.2918605804443
"2024-04-19 23:40:00.0000",7.55,58.89,1.75168764591217,5.90907526016235,12.0200242996216
"2024-04-19 23:50:00.0000",7.4,59.32,1.76152431964874,5.4602575302124,13.2007637023926
"2024-04-19 23:46:51.0000",,,,,
"2024-04-20 00:10:00.0000",7.24,60.17,1.72649550437927,5.72578811645508,14.1635589599609
"2024-04-20 00:00:00.0000",7.37,59.55,1.8343300819397,6.53002405166626,15.9751529693604
"2024-04-20 00:03:19.0000",,,,,
"2024-04-20 00:20:00.0000",7.11,60.73,1.87774670124054,6.62722206115723,11.9115829467773
"2024-04-20 00:20:48.0000",,,,,
"2024-04-20 00:30:00.0000",7.06,61.37,2.01485848426819,6.31439590454102,13.2580375671387
"2024-04-20 00:40:00.0000",7.03,61.32,2.00652980804443,7.12121295928955,16.4941844940186
"2024-04-20 00:38:18.0000",,,,,
"2024-04-20 00:50:00.0000",7.01,61.33,1.79348742961884,5.85184335708618,15.5431966781616
"2024-04-20 00:56:49.0000",,,,,
"2024-04-20 01:00:00.0000",6.99,61.7,1.90889966487885,7.21228218078613,17.9298419952393
"2024-04-20 01:10:00.0000",6.93,61.58,2.0690929889679,7.96945810317993,22.4471912384033
"2024-04-20 01:13:24.0000",,,,,
"2024-04-20 01:20:00.0000",6.86,61.68,1.77792823314667,6.08393526077271,11.2446994781494
"2024-04-20 01:30:00.0000",6.75,61.81,1.92466688156128,7.19293451309204,17.820858001709
"2024-04-20 01:30:52.0000",,,,,
"2024-04-20 01:40:00.0000",6.7,62.4,2.31301999092102,8.15260410308838,16.8229827880859
"2024-04-20 01:50:00.0000",6.58,62.89,2.05683040618896,6.69970226287842,14.9159536361694
"2024-04-20 01:48:22.0000",,,,,
"2024-04-20 02:00:00.0000",6.48,62.47,2.03965902328491,7.31846714019775,19.3142490386963
"2024-04-20 02:10:00.0000",6.39,62.68,2.28949904441833,7.31936025619507,17.557430267334
"2024-04-20 02:06:48.0000",,,,,
"2024-04-20 02:20:00.0000",6.29,62.62,2.17518281936646,7.93374395370483,17.9269599914551
"2024-04-20 02:23:20.0000",,,,,
"2024-04-20 02:30:00.0000",6.16,61.79,1.8302755355835,5.9209942817688,14.373592376709
"2024-04-20 02:40:00.0000",6.1,61.84,2.09412264823914,8.17709732055664,28.606803894043
"2024-04-20 02:40:50.0000",,,,,
"2024-04-20 02:50:00.0000",6.07,61.61,1.79972863197327,6.17390394210815,19.9479579925537
"2024-04-20 02:58:20.0000",,,,,
"2024-04-20 03:00:00.0000",6.01,61.17,1.93495905399323,7.31160545349121,19.671745300293
"2024-04-20 03:10:00.0000",6.1,61.02,2.21469306945801,8.384596824646,20.5917510986328
"2024-04-20 03:20:00.0000",6.07,60.37,2.26188683509827,8.49185562133789,18.6227931976318
"2024-04-20 03:16:51.0000",,,,,
"2024-04-20 03:30:00.0000",5.99,60.82,1.87710499763489,6.44107580184937,13.3975954055786
"2024-04-20 03:40:00.0000",5.83,62.01,2.07738733291626,6.95159864425659,21.4998016357422
"2024-04-20 03:33:20.0000",,,,,
"2024-04-20 03:50:00.0000",5.72,62.41,2.17309737205505,8.06760501861572,25.3865127563477
"2024-04-20 03:50:48.0000",,,,,
"2024-04-20 04:10:00.0000",5.57,64.68,2.15654349327087,7.50353145599365,18.7049655914307
"2024-04-20 04:00:00.0000",5.66,63.85,2.21310114860535,7.09356784820557,12.8849191665649
"2024-04-20 04:08:19.0000",,,,,
"2024-04-20 04:20:00.0000",5.45,65,2.0140073299408,6.123948097229,10.6987152099609
"2024-04-20 04:26:48.0000",,,,,
"2024-04-20 04:30:00.0000",5.32,65.19,2.51209926605225,7.56552457809448,18.1017818450928
"2024-04-20 04:40:00.0000",5.21,65.75,2.40571045875549,7.72760534286499,26.4847602844238
"2024-04-20 04:43:17.0000",,,,,
"2024-04-20 04:50:00.0000",5.35,67.75,2.31897878646851,8.20009994506836,20.9886455535889
"2024-04-20 05:00:00.0000",5.4,67.94,2.51149463653564,9.33472442626953,22.4570789337158
"2024-04-20 05:10:00.0000",5.31,68.17,2.6342613697052,9.59969806671143,24.9390430450439
"2024-04-20 05:00:48.0000",,,,,
"2024-04-20 05:20:00.0000",5.31,68.5,2.58971405029297,9.91105842590332,24.4002323150635
"2024-04-20 05:18:22.0000",,,,,
"2024-04-20 05:30:00.0000",5.18,68.96,2.42557001113892,8.21102237701416,21.2481174468994
"2024-04-20 05:40:00.0000",5.23,70.36,2.74898886680603,9.64901924133301,22.9448299407959
"2024-04-20 05:36:48.0000",,,,,
"2024-04-20 05:50:00.0000",5.21,70.79,2.72966384887695,8.6752347946167,19.868070602417
"2024-04-20 05:53:21.0000",,,,,
"2024-04-20 06:00:00.0000",5.26,71.91,3.02932405471802,9.70834732055664,27.1772651672363
"2024-04-20 06:10:00.0000",5.35,72.53,3.20683979988098,8.9151439666748,18.6601467132568
"2024-04-20 06:10:51.0000",,,,,
"2024-04-20 06:20:00.0000",5.5,73.06,3.44401431083679,10.3158178329468,31.0430679321289
"2024-04-20 06:28:21.0000",,,,,
"2024-04-20 06:30:00.0000",5.6,73.42,3.54878377914429,10.1062459945679,20.4947643280029
"2024-04-20 06:40:00.0000",5.74,74.33,4.13408422470093,12.0917224884033,37.3047828674316
"2024-04-20 06:50:00.0000",5.91,74.65,4.0321159362793,12.5520238876343,39.3750534057617
"2024-04-20 06:46:51.0000",,,,,
"2024-04-20 07:00:00.0000",6.13,74.73,3.52924180030823,9.69229221343994,20.315710067749
"2024-04-20 07:10:00.0000",6.3,74.73,3.49597859382629,10.7571334838867,34.6177558898926
"2024-04-20 07:03:19.0000",,,,,
"2024-04-20 07:20:00.0000",6.48,73.95,2.65985608100891,6.6872501373291,12.2714471817017
"2024-04-20 07:20:49.0000",,,,,
"2024-04-20 07:30:00.0000",6.76,73.21,2.95460247993469,8.88230609893799,18.1987838745117
"2024-04-20 07:40:00.0000",6.95,71.5,2.65220093727112,9.70839691162109,27.5940132141113
"2024-04-20 07:38:19.0000",,,,,
"2024-04-20 07:50:00.0000",7.22,67.78,2.16153025627136,8.14575958251953,29.3160305023193
"2024-04-20 07:57:00.0000",,,,,
"2024-04-20 08:00:00.0000",7.4,63.94,1.73762309551239,6.11592102050781,23.2047176361084
"2024-04-20 08:10:00.0000",7.63,59.76,1.43522775173187,6.19813394546509,38.3990707397461
"2024-04-20 08:13:19.0000",,,,,
"2024-04-20 08:20:00.0000",7.92,56.71,1.77182805538177,5.99521398544312,16.7423458099365
"2024-04-20 08:30:00.0000",8.16,51.74,1.16649925708771,4.92745971679688,11.7277908325195
"2024-04-20 08:40:00.0000",8.44,49.28,1.43214559555054,5.69759225845337,16.7492237091064
"2024-04-20 08:30:48.0000",,,,,
"2024-04-20 08:50:00.0000",8.89,49.27,1.21222734451294,4.69377374649048,15.0828199386597
"2024-04-20 08:48:17.0000",,,,,
"2024-04-20 09:00:00.0000",9.45,47.98,1.22812378406525,4.44640493392944,13.1737422943115
"2024-04-20 09:10:00.0000",10.27,47.62,1.32056951522827,4.49615430831909,11.6857032775879
"2024-04-20 09:06:44.0000",,,,,
"2024-04-20 09:20:00.0000",10.85,46.09,1.14577949047089,3.03096699714661,5.81864881515503
"2024-04-20 09:23:17.0000",,,,,
"2024-04-20 09:30:00.0000",11,44.45,1.44206464290619,5.187575340271,13.8491048812866
"2024-04-20 09:40:00.0000",10.79,43.46,1.44452619552612,4.91179227828979,13.8564853668213
"2024-04-20 09:40:46.0000",,,,,
"2024-04-20 09:50:00.0000",11.15,42.44,1.17640364170074,3.54916954040527,9.51902770996094
"2024-04-20 09:58:15.0000",,,,,
"2024-04-20 10:00:00.0000",11.24,41.5,1.21382296085358,3.99265885353088,13.133581161499
"2024-04-20 10:10:00.0000",11.38,41.6,1.37300491333008,4.67075061798096,13.3831300735474
"2024-04-20 10:20:00.0000",12.27,41.7,1.36314213275909,4.52917051315308,9.79698181152344
"2024-04-20 10:16:46.0000",,,,,
"2024-04-20 10:30:00.0000",12.76,40.43,1.52801477909088,4.32690954208374,8.96947479248047
"2024-04-20 10:40:00.0000",12.85,39.16,2.05499887466431,6.28638935089111,13.2861242294312
"2024-04-20 10:33:15.0000",,,,,
"2024-04-20 10:50:00.0000",12.95,39.46,1.85257411003113,5.57483863830566,11.3042669296265
"2024-04-20 10:50:45.0000",,,,,
"2024-04-20 10:58:15.0000",,,,,
"2024-04-20 11:00:00.0000",13.26,38.58,1.38987827301025,3.85372233390808,8.65355205535889
"2024-04-20 11:10:00.0000",13.14,36.15,1.12247514724731,3.7071533203125,9.88029956817627
"2024-04-20 11:08:14.0000",,,,,
"2024-04-20 11:20:00.0000",12.85,35.04,1.20386207103729,4.25780487060547,10.6784677505493
"2024-04-20 11:26:45.0000",,,,,
"2024-04-20 11:30:00.0000",13.48,34.64,0.961980581283569,2.83797311782837,14.238507270813
"2024-04-20 11:40:00.0000",13.77,34.09,1.09450948238373,3.32573366165161,8.88890075683594
"2024-04-20 11:43:18.0000",,,,,
"2024-04-20 11:50:00.0000",13.31,33.99,1.12666583061218,3.68590712547302,8.47805881500244
"2024-04-20 12:00:00.0000",14.12,33.72,1.04007911682129,3.69812393188477,17.9689273834229
"2024-04-20 12:10:00.0000",13.9,33.12,1.26276981830597,3.7085108757019,14.2215929031372
"2024-04-20 12:00:49.0000",,,,,
"2024-04-20 12:20:00.0000",13.84,33.42,1.09371757507324,4.00523710250854,9.62471389770508
"2024-04-20 12:18:19.0000",,,,,
"2024-04-20 12:40:00.0000",13.62,33.9,1.04301047325134,3.36495161056519,6.6502513885498
"2024-04-20 12:30:00.0000",13.73,33.65,1.32442891597748,4.10854339599609,8.75275039672852
"2024-04-20 12:36:44.0000",,,,,
"2024-04-20 12:50:00.0000",13.66,33.86,1.34944927692413,4.37132120132446,9.34571933746338
"2024-04-20 12:53:18.0000",,,,,
"2024-04-20 13:00:00.0000",13.95,33.44,1.17699074745178,3.67282867431641,11.5590953826904
"2024-04-20 13:10:00.0000",14.24,33.86,1.20931053161621,3.22784924507141,7.96823787689209
"2024-04-20 13:10:47.0000",,,,,
"2024-04-20 13:20:00.0000",14.37,33.19,0.990200996398926,2.73384714126587,7.23880243301392
"2024-04-20 13:28:15.0000",,,,,
"2024-04-20 13:30:00.0000",14.42,33.54,1.18844521045685,3.72304368019104,10.5539579391479
"2024-04-20 13:40:00.0000",14.71,33.82,1.12320506572723,3.44534707069397,6.82091331481934
"2024-04-20 13:50:00.0000",15.09,35.48,1.06287097930908,3.48102951049805,7.19623613357544
"2024-04-20 13:46:48.0000",,,,,
"2024-04-20 14:00:00.0000",15.11,37.63,1.31825876235962,4.46897459030151,10.2646417617798
"2024-04-20 14:10:00.0000",15.73,38.1,1.29269671440125,4.05494594573975,8.05517768859863
"2024-04-20 14:03:13.0000",,,,,
"2024-04-20 14:20:00.0000",16.19,39.73,1.33158040046692,4.10684108734131,8.56147480010986
"2024-04-20 14:20:42.0000",,,,,
"2024-04-20 14:40:00.0000",16.4,37.27,1.10611617565155,3.94818758964539,9.45068550109863
"2024-04-20 14:30:00.0000",16.58,38.59,1.7529604434967,5.45119285583496,10.72984790802
"2024-04-20 14:38:12.0000",,,,,
"2024-04-20 14:50:00.0000",16.55,36.57,1.14589512348175,4.22472286224365,9.89787101745605
"2024-04-20 14:56:43.0000",,,,,
"2024-04-20 15:00:00.0000",16.77,35.28,1.10083103179932,3.16316366195679,8.92640399932861
"2024-04-20 15:10:00.0000",16.38,34.79,1.28709304332733,4.12269735336304,9.00699520111084
"2024-04-20 15:13:14.0000",,,,,
"2024-04-20 15:20:00.0000",16.5,34.61,0.912145733833313,2.95716142654419,7.74193143844604
"2024-04-20 15:30:00.0000",15.89,34.55,0.939155161380768,3.23529434204102,11.8795909881592
"2024-04-20 15:40:00.0000",16.42,35.96,1.17819464206696,3.77278542518616,11.7941083908081
"2024-04-20 15:30:41.0000",,,,,
"2024-04-20 15:50:00.0000",16.98,34.9,1.0164030790329,3.25915908813477,8.69835662841797
"2024-04-20 15:48:11.0000",,,,,
"2024-04-20 16:10:00.0000",16.38,34.23,1.47070848941803,4.52881669998169,11.3657445907593
"2024-04-20 16:00:00.0000",16.29,35.33,1.00035345554352,3.31061482429504,7.33367586135864
"2024-04-20 16:06:41.0000",,,,,
"2024-04-20 16:20:00.0000",16.2,33.93,0.826501905918121,2.80888533592224,6.36483192443848
"2024-04-20 16:23:15.0000",,,,,
"2024-04-20 16:30:00.0000",15.83,39.27,1.58146047592163,4.67328691482544,11.6664552688599
"2024-04-20 16:40:00.0000",15.49,40.74,1.2342324256897,4.39828872680664,13.0849437713623
"2024-04-20 16:40:46.0000",,,,,
"2024-04-20 16:50:00.0000",15.47,42.22,1.53775060176849,4.9640736579895,15.8710517883301
"2024-04-20 16:58:17.0000",,,,,
"2024-04-20 17:00:00.0000",15.4,45.41,1.67543685436249,6.14137935638428,20.9826755523682
"2024-04-20 17:10:00.0000",14.92,46.61,1.5568972826004,4.72236204147339,16.9876861572266
"2024-04-20 17:20:00.0000",14.77,47.08,1.73646128177643,6.26556968688965,13.8439273834229
"2024-04-20 17:16:48.0000",,,,,
"2024-04-20 17:30:00.0000",14.53,47.3,1.74008393287659,5.92055511474609,17.0924243927002
"2024-04-20 17:40:00.0000",14.5,47.22,2.02397727966309,6.08650398254395,19.7138061523438
"2024-04-20 17:33:16.0000",,,,,
"2024-04-20 17:50:00.0000",14.37,47.13,2.40176343917847,6.91761589050293,14.7706480026245
"2024-04-20 17:50:45.0000",,,,,
"2024-04-20 18:00:00.0000",14.29,49.32,1.5471203327179,6.46375036239624,19.9011688232422
"2024-04-20 18:10:00.0000",13.96,52.19,1.91892719268799,7.63809490203857,18.6765842437744
"2024-04-20 18:26:46.0000",,,,,
"2024-04-20 18:40:00.0000",13.29,52.65,1.83895421028137,5.95684242248535,13.0749597549438
"2024-04-20 18:43:13.0000",,,,,
"2024-04-20 18:50:00.0000",12.93,54.06,2.79516744613647,9.31849575042725,20.9823837280273
"2024-04-20 19:00:00.0000",12.7,55.1,1.78502953052521,6.71926736831665,17.8255882263184
"2024-04-20 19:00:43.0000",,,,,
"2024-04-20 19:10:00.0000",12.27,57.61,1.85282826423645,6.25567483901978,16.4647808074951
"2024-04-20 19:20:00.0000",11.91,58.23,1.68962526321411,6.58007144927979,14.3474884033203
"2024-04-20 19:18:12.0000",,,,,
"2024-04-20 19:30:00.0000",11.4,59.92,3.76205229759216,10.3745594024658,25.2130908966064
"2024-04-20 19:40:00.0000",10.96,61.76,1.5112487077713,5.60476064682007,20.156421661377
"2024-04-20 19:36:45.0000",,,,,
"2024-04-20 19:50:00.0000",10.71,62.83,1.4846465587616,6.06599521636963,17.4162693023682
"2024-04-20 19:53:13.0000",,,,,
"2024-04-20 20:00:00.0000",10.54,64.37,2.25433301925659,8.04977321624756,21.5948867797852
"2024-04-20 20:10:00.0000",10.43,64.56,1.644779920578,6.42070865631104,17.8233642578125
"2024-04-20 20:10:42.0000",,,,,
"2024-04-20 20:20:00.0000",10.27,66.29,2.3028347492218,7.16116237640381,16.5940170288086
"2024-04-20 20:28:16.0000",,,,,
"2024-04-20 20:30:00.0000",10.16,66.55,1.83891677856445,7.95427513122559,27.5412120819092
"2024-04-20 20:40:00.0000",10.1,67.48,1.51261067390442,5.85806751251221,14.0288705825806
"2024-04-20 20:50:00.0000",9.91,68.04,1.53064453601837,6.0706901550293,19.514741897583
"2024-04-20 20:46:48.0000",,,,,
"2024-04-20 21:00:00.0000",9.86,68.5,1.73384213447571,6.13706159591675,11.8290901184082
"2024-04-20 21:10:00.0000",9.82,68.98,1.93385004997253,7.95740127563477,21.8643627166748
"2024-04-20 21:03:11.0000",,,,,
"2024-04-20 21:20:00.0000",9.81,69,1.96004199981689,6.60886001586914,18.6497497558594
"2024-04-20 21:20:41.0000",,,,,
"2024-04-20 21:30:00.0000",9.77,69.16,2.14130258560181,6.4352912902832,14.3694562911987
"2024-04-20 21:40:00.0000",9.72,69.7,1.70376253128052,5.89141702651978,14.8765802383423
"2024-04-20 21:38:10.0000",,,,,
"2024-04-20 21:50:00.0000",9.66,70.03,2.38099980354309,7.10868835449219,13.2241058349609
"2024-04-20 21:56:42.0000",,,,,
"2024-04-20 22:00:00.0000",9.66,70.22,1.91387712955475,7.22199058532715,18.8643455505371
"2024-04-20 22:10:00.0000",9.69,70.66,1.80688762664795,6.99458503723145,22.1394443511963
"2024-04-20 22:13:10.0000",,,,,
"2024-04-20 22:20:00.0000",9.7,71.03,1.98955047130585,7.95654010772705,34.6989974975586
"2024-04-20 22:30:00.0000",9.69,71.19,1.77081310749054,5.78267383575439,12.569278717041
"2024-04-20 22:40:00.0000",9.7,71.55,2.22102475166321,7.32805299758911,22.5997219085693
"2024-04-20 22:30:44.0000",,,,,
"2024-04-20 22:50:00.0000",9.7,71.91,2.01886820793152,7.65982675552368,20.9882583618164
"2024-04-20 22:48:13.0000",,,,,
"2024-04-20 23:00:00.0000",9.7,71.96,1.84247195720673,7.67431688308716,23.1161499023438
"2024-04-20 23:10:00.0000",9.65,71.52,1.51087057590485,5.94291496276855,17.6177787780762
"2024-04-20 23:06:39.0000",,,,,
"2024-04-20 23:20:00.0000",9.65,70.97,2.21692252159119,7.0049729347229,20.0887050628662
"2024-04-20 23:23:13.0000",,,,,
"2024-04-20 23:30:00.0000",9.57,71.21,1.77239513397217,6.24679183959961,19.2822093963623
"2024-04-20 23:40:00.0000",9.5,71.72,1.48520183563232,5.58711576461792,14.5499067306519
"2024-04-20 23:40:43.0000",,,,,
"2024-04-20 23:50:00.0000",9.47,71.38,1.61455774307251,6.57071304321289,33.7644653320312
"2024-04-20 23:58:11.0000",,,,,
"2024-04-21 00:00:00.0000",9.38,71.04,1.76445615291595,6.37055730819702,17.2698593139648
"2024-04-21 00:10:00.0000",9.25,70.52,2.17532920837402,6.95852851867676,22.5079326629639
"2024-04-21 00:20:00.0000",8.95,70.36,2.55450201034546,7.51576471328735,16.9782867431641
"2024-04-21 00:16:38.0000",,,,,
"2024-04-21 00:30:00.0000",8.68,70.76,2.73974466323853,8.07717990875244,21.1006202697754
"2024-04-21 00:40:00.0000",8.49,71.27,3.72678899765015,9.43589401245117,20.2163829803467
"2024-04-21 00:33:12.0000",,,,,
"2024-04-21 00:50:00.0000",8.36,71.76,3.73628902435303,9.82661056518555,18.264461517334
"2024-04-21 00:50:40.0000",,,,,
"2024-04-21 01:00:00.0000",8.28,71.97,3.31044960021973,8.65069580078125,23.3539657592773
"2024-04-21 01:10:00.0000",8.33,72.51,3.80847191810608,10.3815460205078,21.1550807952881
"2024-04-21 01:08:10.0000",,,,,
"2024-04-21 01:20:00.0000",8.54,73.48,3.523512840271,10.9971628189087,27.4783420562744
"2024-04-21 01:26:41.0000",,,,,
"2024-04-21 01:30:00.0000",8.71,73.98,3.29757714271545,9.45406055450439,18.8118782043457
"2024-04-21 01:40:00.0000",8.78,74.49,3.36776924133301,9.38609600067139,16.3739490509033
"2024-04-21 01:43:10.0000",,,,,
"2024-04-21 01:50:00.0000",8.83,74.6,3.48013234138489,10.4563789367676,24.0908317565918
"2024-04-21 02:00:00.0000",8.88,74.94,3.05805277824402,10.3784160614014,25.8682250976562
"2024-04-21 02:00:40.0000",,,,,
"2024-04-21 02:10:00.0000",8.95,74.45,3.30660581588745,8.54081535339355,15.990309715271
"2024-04-21 02:20:00.0000",9.04,74.35,3.37282586097717,9.2012186050415,20.8433704376221
"2024-04-21 02:18:09.0000",,,,,
"2024-04-21 02:30:00.0000",9.11,74.29,3.54850172996521,9.82790565490723,25.4864807128906
"2024-04-21 02:40:00.0000",9.18,73.74,3.53851723670959,9.3166618347168,24.3808097839355
"2024-04-21 02:36:40.0000",,,,,
"2024-04-21 02:50:00.0000",9.18,72.88,2.37739825248718,7.59432363510132,19.2310810089111
"2024-04-21 02:53:14.0000",,,,,
"2024-04-21 03:00:00.0000",9.12,71.02,2.77459692955017,9.17935180664062,24.9260807037354
"2024-04-21 03:10:00.0000",9.07,69.3,3.17205810546875,9.89493274688721,20.8621215820312
"2024-04-21 03:10:42.0000",,,,,
"2024-04-21 03:20:00.0000",9,68.1,3.03107738494873,8.73867511749268,19.922082901001
"2024-04-21 03:28:12.0000",,,,,
"2024-04-21 03:30:00.0000",8.93,67.32,2.9094340801239,9.71437835693359,24.2533149719238
"2024-04-21 03:40:00.0000",8.86,67.14,3.21185708045959,9.81249046325684,23.3148651123047
"2024-04-21 03:50:00.0000",8.86,66.51,2.88095879554749,8.97752285003662,20.8372344970703
"2024-04-21 03:46:37.0000",,,,,
"2024-04-21 04:10:00.0000",8.72,65.47,2.43147206306458,9.34962558746338,25.7865047454834
"2024-04-21 04:00:00.0000",8.82,66.04,3.45928621292114,11.1828956604004,27.0235195159912
"2024-04-21 04:03:11.0000",,,,,
"2024-04-21 04:20:00.0000",8.67,64.71,2.31497192382812,7.50207328796387,21.3479957580566
"2024-04-21 04:20:40.0000",,,,,
"2024-04-21 04:40:00.0000",8.64,63.96,2.33421754837036,8.64496231079102,26.046215057373
"2024-04-21 04:30:00.0000",8.64,64.4,2.28816342353821,7.65853691101074,19.1333332061768
"2024-04-21 04:38:11.0000",,,,,
"2024-04-21 04:50:00.0000",8.64,63.03,1.90383875370026,6.88060140609741,23.3991813659668
"2024-04-21 04:56:42.0000",,,,,
"2024-04-21 05:00:00.0000",8.65,62.67,1.76264894008636,6.9092116355896,20.8822174072266
"2024-04-21 05:10:00.0000",8.61,61.9,1.77488815784454,6.38339805603027,16.1340980529785
"2024-04-21 05:13:09.0000",,,,,
"2024-04-21 05:20:00.0000",8.58,61.82,1.72973525524139,7.26828384399414,31.1879920959473
"2024-04-21 05:30:00.0000",8.58,61.38,1.53380990028381,5.83198022842407,13.2800416946411
"2024-04-21 05:40:00.0000",8.58,61.1,1.68436753749847,6.74275255203247,25.2032299041748
"2024-04-21 05:30:39.0000",,,,,
"2024-04-21 05:50:00.0000",8.54,60.76,1.24767637252808,5.6054515838623,22.5308322906494
"2024-04-21 05:48:09.0000",,,,,
"2024-04-21 06:00:00.0000",8.51,60.46,1.19743752479553,4.67904424667358,15.926064491272
"2024-04-21 06:10:00.0000",8.5,60.32,1.31792783737183,4.781898021698,17.1017913818359
"2024-04-21 06:06:40.0000",,,,,
"2024-04-21 06:20:00.0000",8.49,60.12,1.33666253089905,4.94206809997559,17.9109191894531
"2024-04-21 06:23:09.0000",,,,,
"2024-04-21 06:30:00.0000",8.52,60.03,1.2855988740921,5.04259395599365,21.8477001190186
"2024-04-21 06:40:00.0000",8.62,59.92,0.896047115325928,2.98152709007263,10.9511079788208
"2024-04-21 06:40:39.0000",,,,,
"2024-04-21 06:50:00.0000",8.67,59.6,1.07575929164886,4.23025274276733,9.86149787902832
"2024-04-21 06:58:13.0000",,,,,
"2024-04-21 07:00:00.0000",8.77,59.55,1.31563317775726,4.82396936416626,12.705717086792
"2024-04-21 07:10:00.0000",8.8,59.32,1.36779415607452,5.93687343597412,31.4160976409912
"2024-04-21 07:20:00.0000",8.81,59.34,1.21707487106323,4.90343284606934,13.2540054321289
"2024-04-21 07:16:38.0000",,,,,
"2024-04-21 07:30:00.0000",8.86,59.5,1.24215340614319,5.60842800140381,15.0402765274048
"2024-04-21 07:40:00.0000",8.87,60.2,1.28375065326691,4.8338189125061,20.3342571258545
"2024-04-21 07:33:12.0000",,,,,
"2024-04-21 07:50:00.0000",8.74,59.91,1.30795347690582,5.03190135955811,13.2866020202637
"2024-04-21 07:50:42.0000",,,,,
"2024-04-21 08:00:00.0000",8.86,60.01,1.23573124408722,4.31558895111084,10.6836643218994
"2024-04-21 08:10:00.0000",8.82,60.1,1.2669460773468,4.92778444290161,14.8646593093872
"2024-04-21 08:08:10.0000",,,,,
"2024-04-21 08:20:00.0000",8.94,59.82,1.28290438652039,5.07196474075317,16.6447162628174
"2024-04-21 08:26:41.0000",,,,,
"2024-04-21 08:30:00.0000",9.1,59.61,1.57759475708008,5.75469446182251,19.1431617736816
"2024-04-21 08:40:00.0000",9.23,59.47,1.35939610004425,5.56093978881836,12.7387065887451
"2024-04-21 08:43:09.0000",,,,,
"2024-04-21 08:50:00.0000",9.24,58.96,1.5205934047699,3.8693995475769,7.10736656188965
"2024-04-21 09:00:00.0000",9.51,58.94,1.49764049053192,5.40842866897583,14.5234861373901
"2024-04-21 09:10:00.0000",9.7,58.41,1.62952971458435,6.17286920547485,24.2097492218018
"2024-04-21 09:00:39.0000",,,,,
"2024-04-21 09:20:00.0000",9.85,57.81,1.64219295978546,5.09549617767334,12.2233171463013
"2024-04-21 09:18:09.0000",,,,,
"2024-04-21 09:30:00.0000",10.22,57.54,2.13442826271057,6.64211893081665,11.7971639633179
"2024-04-21 09:40:00.0000",10.54,56.81,1.76446187496185,5.72128677368164,17.2703456878662
"2024-04-21 09:36:40.0000",,,,,
"2024-04-21 09:50:00.0000",10.78,55.41,1.71298694610596,6.20877408981323,16.4885158538818
"2024-04-21 09:53:09.0000",,,,,
"2024-04-21 10:00:00.0000",11.06,54.04,1.51591050624847,4.68470144271851,9.23767185211182
"2024-04-21 10:10:00.0000",11.46,53.31,1.62336838245392,4.82760095596313,11.6305618286133
"2024-04-21 10:10:39.0000",,,,,
"2024-04-21 10:20:00.0000",12.45,51.95,1.6852285861969,5.17966890335083,11.8392963409424
"2024-04-21 10:28:08.0000",,,,,
"2024-04-21 10:30:00.0000",12.02,51.21,1.84111726284027,5.63900804519653,13.9385433197021
"2024-04-21 10:40:00.0000",12.11,51.94,1.98167479038239,6.68524885177612,14.2678451538086
"2024-04-21 10:50:00.0000",12.2,51.15,2.09383869171143,6.87634563446045,18.6167755126953
"2024-04-21 10:46:33.0000",,,,,
"2024-04-21 10:58:05.0000",,,,,
"2024-04-21 11:00:00.0000",12.1,50.81,1.80070400238037,5.58863878250122,11.9292392730713
"2024-04-21 11:10:00.0000",12.19,50.73,1.88763189315796,5.874587059021,16.0732917785645
"2024-04-21 11:03:07.0000",,,,,
"2024-04-21 11:20:00.0000",12.1,51.31,2.00498032569885,5.69028472900391,14.4855298995972
"2024-04-21 11:20:36.0000",,,,,
"2024-04-21 11:30:00.0000",11.8,51.13,1.75859141349792,4.8556342124939,13.6014766693115
"2024-04-21 11:40:00.0000",12.2,51.15,1.79672074317932,5.32323598861694,12.2887306213379
"2024-04-21 11:38:05.0000",,,,,
"2024-04-21 11:50:00.0000",11.92,51.97,1.82240283489227,5.53508186340332,15.704701423645
"2024-04-21 11:56:38.0000",,,,,
"2024-04-21 12:00:00.0000",12.01,51.38,1.9419025182724,5.19838762283325,10.1573610305786
"2024-04-21 12:10:00.0000",12.31,51.53,1.91857242584229,5.22059965133667,11.5313720703125
"2024-04-21 12:13:06.0000",,,,,
"2024-04-21 12:20:00.0000",12.85,50.62,1.65260338783264,4.75643110275269,11.95201587677
"2024-04-21 12:30:00.0000",12.88,49.94,1.67012989521027,5.60993385314941,13.4154033660889
"2024-04-21 12:30:34.0000",,,,,
"2024-04-21 12:40:00.0000",12.56,51.04,1.86402404308319,5.37665748596191,13.8023929595947
"2024-04-21 12:50:00.0000",12.4,51.53,1.84812390804291,5.78691625595093,19.8760471343994
"2024-04-21 12:48:04.0000",,,,,
"2024-04-21 13:00:00.0000",12.47,51.72,1.93550550937653,6.22022867202759,17.1917896270752
"2024-04-21 13:10:00.0000",12.29,53.35,1.98991048336029,5.99206781387329,11.690523147583
"2024-04-21 13:06:35.0000",,,,,
"2024-04-21 13:20:00.0000",12.21,52.56,1.56383502483368,4.99295949935913,10.8401412963867
"2024-04-21 13:23:09.0000",,,,,
"2024-04-21 13:30:00.0000",12.65,51.94,1.86025834083557,6.6568398475647,25.3256568908691
"2024-04-21 13:40:00.0000",13.18,51.4,1.57192540168762,4.97355175018311,14.5074834823608
"2024-04-21 13:40:39.0000",,,,,
"2024-04-21 13:50:00.0000",13.17,52.37,2.01944446563721,6.17838668823242,18.2921104431152
"2024-04-21 13:58:07.0000",,,,,
"2024-04-21 14:00:00.0000",13.41,52.76,2.06914758682251,6.04917860031128,17.6241092681885
"2024-04-21 14:10:00.0000",13.64,52.21,1.64178645610809,5.87234306335449,14.526255607605
"2024-04-21 14:20:00.0000",13.57,52.34,1.69326889514923,5.21000194549561,10.3820028305054
"2024-04-21 14:16:34.0000",,,,,
"2024-04-21 14:30:00.0000",13.54,53.36,1.97130739688873,5.39359331130981,10.7740201950073
"2024-04-21 14:40:00.0000",13.23,53.28,2.3480224609375,6.58375835418701,13.9047698974609
"2024-04-21 14:33:07.0000",,,,,
"2024-04-21 14:50:00.0000",13.02,54.79,2.00231409072876,5.45234537124634,15.7183027267456
"2024-04-21 14:50:37.0000",,,,,
"2024-04-21 15:00:00.0000",12.45,56.92,2.34735512733459,6.82276058197021,17.1722431182861
"2024-04-21 15:10:00.0000",12.38,57.35,2.38542056083679,6.68133640289307,15.528904914856
"2024-04-21 15:08:06.0000",,,,,
"2024-04-21 15:20:00.0000",12.62,58.34,2.27501106262207,6.89194822311401,15.5473155975342
"2024-04-21 15:26:37.0000",,,,,
"2024-04-21 15:30:00.0000",13.19,57.06,2.18188190460205,6.84216165542603,16.7836723327637
"2024-04-21 15:40:00.0000",12.99,56.7,2.29213356971741,7.1699161529541,22.0638790130615
"2024-04-21 15:43:06.0000",,,,,
"2024-04-21 15:50:00.0000",13.28,56.28,2.13417363166809,5.89004611968994,15.5175380706787
"2024-04-21 16:00:00.0000",13.88,56.29,2.12565732002258,5.9958438873291,12.1613759994507
"2024-04-21 16:10:00.0000",13.85,56.08,2.1022036075592,5.67742824554443,14.753849029541
"2024-04-21 16:00:35.0000",,,,,
"2024-04-21 16:20:00.0000",14.16,54.97,1.74473035335541,4.91597843170166,8.91580486297607
"2024-04-21 16:18:05.0000",,,,,
"2024-04-21 16:40:00.0000",14.2,55.04,1.8229660987854,6.17049026489258,13.9223337173462
"2024-04-21 16:30:00.0000",14.3,54.52,1.58357930183411,5.1182336807251,9.69106864929199
"2024-04-21 16:36:36.0000",,,,,
"2024-04-21 16:50:00.0000",14.42,55.09,1.74914348125458,5.36628007888794,13.5777788162231
"2024-04-21 16:53:05.0000",,,,,
"2024-04-21 17:00:00.0000",14.25,54.98,1.68321764469147,4.8808012008667,15.3303442001343
"2024-04-21 17:10:00.0000",13.88,54.32,1.59083390235901,5.01019382476807,11.9549827575684
"2024-04-21 17:10:34.0000",,,,,
"2024-04-21 17:20:00.0000",14.15,54.07,1.41117739677429,4.21391105651855,8.36623668670654
"2024-04-21 17:28:03.0000",,,,,
"2024-04-21 17:30:00.0000",14.2,55.17,1.18478858470917,3.87111639976501,8.96550273895264
"2024-04-21 17:40:00.0000",13.79,55.99,1.12441635131836,3.82122254371643,15.6837921142578
"2024-04-21 17:50:00.0000",13.23,56.38,1.62747180461884,4.87433624267578,10.6940603256226
"2024-04-21 17:46:35.0000",,,,,
"2024-04-21 18:00:00.0000",12.78,58.59,1.44144117832184,4.84278059005737,13.0785360336304
"2024-04-21 18:10:00.0000",12.17,60.86,1.52621054649353,4.90253496170044,13.6330900192261
"2024-04-21 18:03:08.0000",,,,,
"2024-04-21 18:20:00.0000",11.87,60.97,1.71561145782471,5.42912149429321,14.3456935882568
"2024-04-21 18:20:38.0000",,,,,
"2024-04-21 18:30:00.0000",11.71,62.33,1.40993404388428,4.64071273803711,9.47705936431885
"2024-04-21 18:40:00.0000",11.54,63.11,1.56734907627106,5.52013063430786,18.2536144256592
"2024-04-21 18:38:07.0000",,,,,
"2024-04-21 18:50:00.0000",11.46,63.37,1.6490136384964,5.42214584350586,15.3363952636719
"2024-04-21 18:56:39.0000",,,,,
"2024-04-21 19:00:00.0000",11.3,64.46,1.60058116912842,6.38400173187256,20.5471858978271
"2024-04-21 19:10:00.0000",11.23,64.54,1.6243782043457,6.3132176399231,22.4827079772949
"2024-04-21 19:13:05.0000",,,,,
"2024-04-21 19:20:00.0000",11.19,63.38,1.89269328117371,6.7373833656311,18.6224594116211
"2024-04-21 19:30:00.0000",11.21,62.99,1.96358811855316,6.14052057266235,13.5184926986694
"2024-04-21 19:40:00.0000",11.21,63.14,2.22336268424988,6.48153591156006,26.8731136322021
"2024-04-21 19:30:36.0000",,,,,
"2024-04-21 19:50:00.0000",11.13,64.38,1.64090442657471,5.51163721084595,11.7712478637695
"2024-04-21 19:48:06.0000",,,,,
"2024-04-21 20:10:00.0000",11.05,62.87,1.86256754398346,5.46240425109863,11.8403730392456
"2024-04-21 20:00:00.0000",11.06,63.27,2.06705212593079,6.18432474136353,11.6622285842896
"2024-04-21 20:06:36.0000",,,,,
"2024-04-21 20:20:00.0000",11.06,62.87,1.96026134490967,6.37055969238281,14.9481267929077
"2024-04-21 20:23:04.0000",,,,,
"2024-04-21 20:30:00.0000",10.98,63.48,2.19287586212158,7.66450166702271,17.5608043670654
"2024-04-21 20:40:00.0000",10.9,64.53,2.11797976493835,6.96973323822021,19.1284885406494
"2024-04-21 20:40:34.0000",,,,,
"2024-04-21 20:50:00.0000",10.84,65.19,2.16691946983337,7.96743059158325,26.5026950836182
"2024-04-21 20:58:04.0000",,,,,
"2024-04-21 21:00:00.0000",10.7,66.2,2.3652606010437,8.20648670196533,25.6956253051758
"2024-04-21 21:10:00.0000",10.62,66.74,2.57799696922302,8.04910182952881,21.0558528900146
"2024-04-21 21:20:00.0000",10.42,67.86,2.52642011642456,9.07242202758789,34.9405326843262
"2024-04-21 21:16:36.0000",,,,,
"2024-04-21 21:40:00.0000",10.39,68.76,2.49817132949829,8.34773921966553,24.8862972259521
"2024-04-21 21:30:00.0000",10.43,68.37,3.07984614372253,9.43998241424561,25.7077102661133
"2024-04-21 21:33:02.0000",,,,,
"2024-04-21 21:50:00.0000",10.36,69.14,2.59352827072144,9.10068702697754,25.2900161743164
"2024-04-21 21:50:33.0000",,,,,
"2024-04-21 22:10:00.0000",10.31,69.79,2.3176531791687,7.9995551109314,20.4462070465088
"2024-04-21 22:00:00.0000",10.3,69.35,2.3525505065918,8.97893333435059,28.9414939880371
"2024-04-21 22:08:07.0000",,,,,
"2024-04-21 22:20:00.0000",10.21,70.18,2.22738361358643,8.37662124633789,22.1711521148682
"2024-04-21 22:26:39.0000",,,,,
"2024-04-21 22:30:00.0000",10.06,71.17,2.37291264533997,8.4032735824585,17.867015838623
"2024-04-21 22:40:00.0000",9.99,71.78,2.2006516456604,8.28457546234131,24.4551582336426
"2024-04-21 22:43:07.0000",,,,,
"2024-04-21 22:50:00.0000",10.04,71.77,2.12570643424988,7.77452516555786,21.6655120849609
"2024-04-21 23:00:00.0000",10.03,72.07,2.23344039916992,7.15920639038086,17.8558292388916
"2024-04-21 23:10:00.0000",10.07,71.85,1.999267578125,7.05228614807129,20.4596748352051
"2024-04-21 23:00:36.0000",,,,,
"2024-04-21 23:20:00.0000",10.08,71.5,2.3672022819519,9.33121204376221,31.1988315582275
"2024-04-21 23:18:01.0000",,,,,
"2024-04-21 23:40:00.0000",10.16,71.26,2.40267443656921,7.82424879074097,17.971155166626
"2024-04-21 23:30:00.0000",10.09,71.47,2.16458916664124,6.19744157791138,17.7210178375244
"2024-04-21 23:36:32.0000",,,,,
"2024-04-21 23:50:00.0000",10.17,70.94,2.23588848114014,7.04784107208252,15.1359052658081
"2024-04-21 23:53:00.0000",,,,,
"2024-04-22 00:00:00.0000",10.15,70.67,2.35800814628601,6.61387062072754,14.1436948776245
"2024-04-22 00:10:00.0000",10.16,70.28,2.49358201026917,7.32604265213013,15.7810764312744
"2024-04-22 00:10:35.0000",,,,,
"2024-04-22 00:20:00.0000",10.17,69.89,2.36330080032349,6.64196872711182,14.179370880127
"2024-04-22 00:28:03.0000",,,,,
"2024-04-22 00:30:00.0000",10.14,69.78,2.49489855766296,6.84560966491699,22.539644241333
"2024-04-22 00:40:00.0000",10.18,69.73,2.78762602806091,8.01205539703369,14.9791402816772
"2024-04-22 00:50:00.0000",10.2,69.54,2.75019502639771,7.79633569717407,16.8147144317627
"2024-04-22 00:46:29.0000",,,,,
"2024-04-22 01:00:00.0000",10.19,69.38,2.96977829933167,7.54952573776245,13.4785223007202
"2024-04-22 01:10:00.0000",10.15,69.28,2.81179332733154,6.59794902801514,11.4992799758911
"2024-04-22 01:03:04.0000",,,,,
"2024-04-22 01:20:00.0000",10.11,69.15,2.89081978797913,7.79544353485107,20.3277339935303
"2024-04-22 01:20:32.0000",,,,,
"2024-04-22 01:40:00.0000",10.02,66.47,2.12514853477478,7.22594928741455,15.6808662414551
"2024-04-22 01:30:00.0000",10.11,69.14,3.05569553375244,8.59060382843018,19.8857746124268
"2024-04-22 01:38:02.0000",,,,,
"2024-04-22 01:50:00.0000",9.86,62.9,1.67104411125183,5.90092515945435,16.092622756958
"2024-04-22 01:56:28.0000",,,,,
"2024-04-22 02:00:00.0000",9.86,61.53,1.49834954738617,3.83981418609619,15.8499822616577
"2024-04-22 02:10:00.0000",9.81,55.69,1.38476371765137,5.18131303787231,13.136981010437
"2024-04-22 02:13:01.0000",,,,,
"2024-04-22 02:20:00.0000",9.78,54.35,1.25173151493073,5.00733375549316,13.1493015289307
"2024-04-22 02:30:00.0000",9.76,53.11,1.3904687166214,5.77667951583862,12.4011325836182
"2024-04-22 02:40:00.0000",9.74,53.94,1.12135410308838,4.15445327758789,15.3363456726074
"2024-04-22 02:30:32.0000",,,,,
"2024-04-22 02:50:00.0000",9.81,54.03,1.0835565328598,3.88990354537964,8.5659875869751
"2024-04-22 02:48:00.0000",,,,,
"2024-04-22 03:00:00.0000",9.84,54.02,1.22128009796143,4.44272327423096,17.6632308959961
"2024-04-22 03:10:00.0000",9.9,53.73,1.36522686481476,5.28911304473877,16.0289096832275
"2024-04-22 03:06:31.0000",,,,,
"2024-04-22 03:20:00.0000",9.89,53.26,1.31106889247894,4.06725311279297,16.1854343414307
"2024-04-22 03:23:01.0000",,,,,
"2024-04-22 03:30:00.0000",9.82,53.94,1.6350713968277,5.41541957855225,14.5858364105225
"2024-04-22 03:40:00.0000",9.87,54.33,1.32993352413177,3.95216059684753,7.58774137496948
"2024-04-22 03:40:29.0000",,,,,
"2024-04-22 03:50:00.0000",9.89,54.86,1.36590790748596,4.66016530990601,12.1483135223389
"2024-04-22 03:57:59.0000",,,,,
"2024-04-22 04:00:00.0000",9.86,55.62,1.57209289073944,5.44837760925293,13.2574443817139
"2024-04-22 04:10:00.0000",9.82,57.33,1.75428330898285,6.34270668029785,15.2482957839966
"2024-04-22 04:20:00.0000",9.85,61.85,1.76680028438568,5.72862815856934,15.2783250808716
"2024-04-22 04:16:30.0000",,,,,
"2024-04-22 04:40:00.0000",9.88,73.41,3.79842805862427,9.34240055084229,18.1263427734375
"2024-04-22 04:30:00.0000",10.02,68.36,2.88075995445251,7.40983390808105,13.4505777359009
"2024-04-22 04:33:02.0000",,,,,
"2024-04-22 04:50:00.0000",9.66,75.11,3.95361709594727,9.91887092590332,18.6020984649658
"2024-04-22 04:50:33.0000",,,,,
"2024-04-22 05:10:00.0000",9.46,76.91,3.81283330917358,8.54127979278564,18.6763820648193
"2024-04-22 05:00:00.0000",9.53,76.27,3.65295767784119,8.74204921722412,18.9726009368896
"2024-04-22 05:08:03.0000",,,,,
"2024-04-22 05:20:00.0000",9.48,77.19,2.75812435150146,8.14947986602783,30.3556003570557
"2024-04-22 05:26:29.0000",,,,,
"2024-04-22 05:30:00.0000",9.49,77.71,2.52739262580872,7.77140474319458,17.4184703826904
"2024-04-22 05:40:00.0000",9.5,78.15,2.27050685882568,6.16946792602539,12.3244543075562
"2024-04-22 05:43:02.0000",,,,,
"2024-04-22 05:50:00.0000",9.57,78.6,2.22556686401367,6.18014574050903,11.4683656692505
"2024-04-22 06:00:00.0000",9.61,78.72,2.64882779121399,7.89860486984253,18.0577259063721
"2024-04-22 06:00:31.0000",,,,,
"2024-04-22 06:10:00.0000",9.67,78.75,2.27072978019714,8.96419620513916,25.5745944976807
"2024-04-22 06:20:00.0000",9.78,78.34,1.90277814865112,6.84466218948364,18.9071426391602
"2024-04-22 06:18:01.0000",,,,,
"2024-04-22 06:40:00.0000",9.97,78.09,2.45167517662048,7.2889723777771,21.6369132995605
"2024-04-22 06:30:00.0000",9.9,77.94,2.08850073814392,6.70311546325684,19.5669479370117
"2024-04-22 06:36:31.0000",,,,,
"2024-04-22 06:50:00.0000",10,78.59,3.0872323513031,9.13669776916504,22.5819511413574
"2024-04-22 06:53:00.0000",,,,,
"2024-04-22 07:00:00.0000",9.98,78.75,3.40630173683167,9.88863277435303,35.7116508483887
"2024-04-22 07:10:00.0000",10.05,78.98,2.71106958389282,8.45277500152588,23.9307327270508
"2024-04-22 07:10:30.0000",,,,,
"2024-04-22 07:20:00.0000",10.07,78.95,2.96083045005798,8.66692161560059,19.2696208953857
"2024-04-22 07:28:00.0000",,,,,
"2024-04-22 07:30:00.0000",10.14,78.75,3.45488977432251,12.2232217788696,41.932315826416
"2024-04-22 07:40:00.0000",10.19,78.72,3.28584575653076,9.29341602325439,21.2667102813721
"2024-04-22 07:50:00.0000",10.29,78.65,3.28929877281189,8.13582611083984,19.1433448791504
"2024-04-22 07:46:31.0000",,,,,
"2024-04-22 08:10:00.0000",10.47,77.25,3.02145481109619,9.75815963745117,21.944185256958
"2024-04-22 08:00:00.0000",10.4,77.81,2.6912088394165,7.93994379043579,21.4482135772705
"2024-04-22 08:02:58.0000",,,,,
"2024-04-22 08:20:00.0000",10.46,77.36,2.65650010108948,8.79471588134766,17.5601863861084
"2024-04-22 08:20:30.0000",,,,,
"2024-04-22 08:40:00.0000",10.39,77.93,2.84051775932312,9.61543846130371,22.4367218017578
"2024-04-22 08:30:00.0000",10.38,78,3.04157972335815,9.67689228057861,21.9691524505615
"2024-04-22 08:38:03.0000",,,,,
"2024-04-22 08:50:00.0000",10.33,77.86,2.8322217464447,8.81431198120117,22.9942836761475
"2024-04-22 09:00:00.0000",10.51,77.76,3.24457406997681,10.4408340454102,20.485746383667
"2024-04-22 08:56:28.0000",,,,,
"2024-04-22 09:10:00.0000",10.67,78.03,3.93121027946472,11.9886102676392,26.5882015228271
"2024-04-22 09:13:02.0000",,,,,
"2024-04-22 09:20:00.0000",10.85,76.9,3.11540365219116,8.71042919158936,16.6024951934814
"2024-04-22 09:30:00.0000",11.02,75.72,3.21130537986755,9.25930595397949,20.211181640625
"2024-04-22 09:30:31.0000",,,,,
"2024-04-22 09:40:00.0000",11.13,74.36,2.4175169467926,7.76153516769409,17.2157726287842
"2024-04-22 09:50:00.0000",11.46,72.67,2.57066035270691,6.76408243179321,24.7329940795898
"2024-04-22 09:48:01.0000",,,,,
"2024-04-22 10:00:00.0000",11.82,71.05,2.30802059173584,7.58375978469849,20.199426651001
"2024-04-22 10:10:00.0000",12.36,68.89,2.08260560035706,6.45929336547852,22.4255180358887
"2024-04-22 10:06:32.0000",,,,,
"2024-04-22 10:20:00.0000",12.65,68.05,1.99836921691895,6.17245435714722,17.8298740386963
"2024-04-22 10:30:00.0000",12.7,68.3,2.52034616470337,7.1988959312439,17.7035675048828
"2024-04-22 10:23:01.0000",,,,,
"2024-04-22 10:40:00.0000",12.7,68.11,1.94459414482117,7.34067153930664,16.5246257781982
"2024-04-22 10:40:31.0000",,,,,
"2024-04-22 10:50:00.0000",12.41,68.93,2.62440705299377,9.65190029144287,30.5363864898682
"2024-04-22 11:00:00.0000",12.33,68.59,1.83547139167786,6.65264225006104,17.5147342681885
"2024-04-22 10:57:59.0000",,,,,
"2024-04-22 10:58:20.0000",,,,,
"2024-04-22 11:10:00.0000",12.21,68.32,2.08641600608826,6.34871959686279,12.3627052307129
"2024-04-22 11:20:00.0000",12.43,68.43,1.83912813663483,6.35308456420898,13.8235130310059
"2024-04-22 11:16:30.0000",,,,,
"2024-04-22 11:30:00.0000",12.79,66.79,1.49614286422729,5.29287767410278,10.2231740951538
"2024-04-22 11:40:00.0000",12.89,66.11,1.43055593967438,5.83382987976074,14.4144926071167
"2024-04-22 11:32:58.0000",,,,,
"2024-04-22 11:50:00.0000",12.82,65.41,1.61775636672974,4.85783815383911,13.1628313064575
"2024-04-22 11:50:29.0000",,,,,
"2024-04-22 12:00:00.0000",12.6,65.84,1.46072220802307,5.47595500946045,12.5445699691772
"2024-04-22 12:10:00.0000",12.51,65.71,1.25537872314453,4.80992460250854,13.7862825393677
"2024-04-22 12:07:59.0000",,,,,
"2024-04-22 12:30:00.0000",12.52,66.17,1.28971636295319,5.30350112915039,16.1914119720459
"2024-04-22 12:20:00.0000",12.43,66.18,1.35766053199768,5.67383193969727,15.048698425293
"2024-04-22 12:26:24.0000",,,,,
"2024-04-22 12:40:00.0000",12.87,65.45,1.21426117420197,4.37959432601929,11.6792135238647
"2024-04-22 12:42:57.0000",,,,,
"2024-04-22 12:50:00.0000",13.06,63.98,1.58775317668915,6.58218574523926,18.3364639282227
"2024-04-22 13:00:00.0000",12.94,64.27,1.23962807655334,4.39090538024902,16.1950836181641
"2024-04-22 13:00:27.0000",,,,,
"2024-04-22 13:10:00.0000",13.03,63.75,1.33171856403351,4.60497522354126,10.0928621292114
"2024-04-22 13:20:00.0000",13.09,63.45,1.17754352092743,4.57005262374878,18.21364402771
"2024-04-22 13:17:56.0000",,,,,
"2024-04-22 13:30:00.0000",13.13,63.05,1.55889594554901,7.14301252365112,20.7970314025879
"2024-04-22 13:40:00.0000",12.99,63.5,1.15890038013458,4.56945991516113,18.3115196228027
"2024-04-22 13:36:24.0000",,,,,
"2024-04-22 13:50:00.0000",12.93,63.9,1.36303329467773,6.27792501449585,13.4101581573486
"2024-04-22 13:52:56.0000",,,,,
"2024-04-22 14:00:00.0000",13.01,63.87,1.36244940757751,5.29351758956909,10.7143983840942
"2024-04-22 14:10:00.0000",12.44,65.13,1.41801929473877,5.57804441452026,13.3112516403198
"2024-04-22 14:10:26.0000",,,,,
"2024-04-22 14:20:00.0000",12.26,65.78,1.33421683311462,4.28834438323975,17.9842338562012
"2024-04-22 14:30:00.0000",12.05,66.66,1.41768431663513,6.24484443664551,17.0463275909424
"2024-04-22 14:27:55.0000",,,,,
"2024-04-22 14:40:00.0000",11.8,67.43,1.24459087848663,5.28407192230225,13.6540727615356
"2024-04-22 14:50:00.0000",11.47,67.22,1.3947719335556,5.48252439498901,14.6655921936035
"2024-04-22 15:00:00.0000",11.37,68.02,1.33744764328003,4.64918899536133,13.2242698669434
"2024-04-22 14:46:25.0000",,,,,
"2024-04-22 15:10:00.0000",11.28,67.71,1.31696259975433,4.6028618812561,11.0746307373047
"2024-04-22 15:02:55.0000",,,,,
"2024-04-22 15:20:00.0000",11.23,68.87,1.42776298522949,6.07249021530151,16.3315410614014
"2024-04-22 15:20:29.0000",,,,,
"2024-04-22 15:30:00.0000",11.3,69.67,1.83552742004395,6.04262733459473,15.3854513168335
"2024-04-22 15:40:00.0000",11.15,70.79,1.76835417747498,6.85167455673218,17.2181167602539
"2024-04-22 15:37:58.0000",,,,,
"2024-04-22 15:50:00.0000",11.11,72.05,1.82976317405701,6.69048023223877,18.3744831085205
"2024-04-22 15:56:26.0000",,,,,
"2024-04-22 16:00:00.0000",11.06,72.03,1.96728515625,7.81324243545532,23.7443408966064
"2024-04-22 16:10:00.0000",10.88,74.02,1.92099809646606,7.24255084991455,28.6559104919434
"2024-04-22 16:12:57.0000",,,,,
"2024-04-22 16:20:00.0000",10.7,75.19,1.91690361499786,6.60762357711792,19.9951419830322
"2024-04-22 16:30:00.0000",10.51,76.99,1.98719573020935,6.48864269256592,15.7127723693848
"2024-04-22 16:40:00.0000",10.4,78.23,2.34628748893738,6.28534841537476,18.8230457305908
"2024-04-22 16:30:27.0000",,,,,
"2024-04-22 16:50:00.0000",10.3,78.72,2.40228533744812,6.86768579483032,14.3316946029663
"2024-04-22 16:47:56.0000",,,,,
"2024-04-22 17:00:00.0000",10.28,79.12,2.75700926780701,8.634446144104,23.7354869842529
"2024-04-22 17:10:00.0000",10.39,80.05,2.20658659934998,7.08381175994873,23.4144897460938
"2024-04-22 17:06:22.0000",,,,,
"2024-04-22 17:20:00.0000",10.43,78.98,2.32699203491211,7.24881744384766,33.5323715209961
"2024-04-22 17:22:55.0000",,,,,
"2024-04-22 17:30:00.0000",10.54,78.04,1.81956851482391,6.49529981613159,17.842414855957
"2024-04-22 17:40:00.0000",10.63,77.29,2.04239130020142,7.20670223236084,25.8924255371094
"2024-04-22 17:40:26.0000",,,,,
"2024-04-22 17:50:00.0000",10.69,76.56,1.92425608634949,5.27656269073486,12.2037391662598
"2024-04-22 17:57:56.0000",,,,,
"2024-04-22 18:00:00.0000",10.79,76.31,2.10833501815796,6.94385147094727,16.0917797088623
"2024-04-22 18:10:00.0000",10.91,76.88,2.36317753791809,8.21020984649658,23.1357288360596
"2024-04-22 18:20:00.0000",10.91,76.81,2.3615357875824,6.74239873886108,16.779203414917
"2024-04-22 18:16:26.0000",,,,,
"2024-04-22 18:30:00.0000",10.9,77.44,2.5615565776825,6.82824182510376,15.2554798126221
"2024-04-22 18:40:00.0000",10.87,77.43,2.7413272857666,7.71002769470215,22.4163780212402
"2024-04-22 18:32:55.0000",,,,,
"2024-04-22 18:50:00.0000",10.93,77.45,3.15983033180237,9.18041324615479,21.0345630645752
"2024-04-22 18:50:24.0000",,,,,
"2024-04-22 19:00:00.0000",10.98,77.82,2.97388100624084,8.08788013458252,14.2788715362549
"2024-04-22 19:10:00.0000",11.09,77.68,3.33532691001892,8.47586536407471,19.0974826812744
"2024-04-22 19:07:54.0000",,,,,
"2024-04-22 19:20:00.0000",11.15,77.64,3.42788887023926,9.31783008575439,24.2339515686035
"2024-04-22 19:26:26.0000",,,,,
"2024-04-22 19:30:00.0000",11.18,76.99,4.03166055679321,8.72164249420166,19.0297298431396
"2024-04-22 19:40:00.0000",11.16,77.48,4.17194938659668,9.13263893127441,22.3625202178955
"2024-04-22 19:42:58.0000",,,,,
"2024-04-22 19:50:00.0000",11.02,78.06,4.6846661567688,10.2579402923584,21.9671115875244
"2024-04-22 20:00:00.0000",10.97,78.3,5.14556169509888,10.7160291671753,19.9218120574951
"2024-04-22 20:00:28.0000",,,,,
"2024-04-22 20:10:00.0000",10.92,78.08,4.74747705459595,10.19704246521,24.6130714416504
"2024-04-22 20:20:00.0000",10.93,78.56,5.00330305099487,11.4594860076904,23.0779991149902
"2024-04-22 20:17:58.0000",,,,,
"2024-04-22 20:30:00.0000",10.88,78.9,4.79123163223267,9.72487163543701,17.4918365478516
"2024-04-22 20:40:00.0000",10.85,78.65,5.08687114715576,10.6797275543213,22.6477794647217
"2024-04-22 20:36:27.0000",,,,,
"2024-04-22 20:50:00.0000",10.8,78.74,5.46519231796265,11.1506767272949,26.0443859100342
"2024-04-22 20:52:56.0000",,,,,
"2024-04-22 21:00:00.0000",10.71,79.33,5.32613325119019,10.4820356369019,21.732385635376
"2024-04-22 21:10:00.0000",10.65,80.09,5.27711868286133,10.7355184555054,20.2785167694092
"2024-04-22 21:10:27.0000",,,,,
"2024-04-22 21:20:00.0000",10.63,79.77,5.8676815032959,13.5331468582153,32.736629486084
"2024-04-22 21:27:56.0000",,,,,
"2024-04-22 21:30:00.0000",10.59,80.45,5.06221342086792,11.0204029083252,20.8409290313721
"2024-04-22 21:40:00.0000",10.52,80.91,4.96335124969482,10.8029756546021,23.9441108703613
"2024-04-22 21:50:00.0000",10.44,81.2,4.92642450332642,10.707202911377,20.9933662414551
"2024-04-22 21:46:27.0000",,,,,
"2024-04-22 22:00:00.0000",10.33,81.6,4.9530291557312,11.4345636367798,24.8703918457031
"2024-04-22 22:10:00.0000",10.29,81.72,4.62021207809448,10.0716762542725,21.7790336608887
"2024-04-22 22:02:55.0000",,,,,
"2024-04-22 22:20:00.0000",10.26,82.01,4.67015027999878,10.4191837310791,20.9257793426514
"2024-04-22 22:20:25.0000",,,,,
"2024-04-22 22:30:00.0000",10.27,81.36,4.85185480117798,10.0399408340454,18.2253131866455
"2024-04-22 22:40:00.0000",10.32,81.46,5.77653455734253,11.2616834640503,24.1973972320557
"2024-04-22 22:37:53.0000",,,,,
"2024-04-22 22:50:00.0000",10.3,81.52,5.81257915496826,11.3923292160034,19.3570079803467
"2024-04-22 22:56:24.0000",,,,,
"2024-04-22 23:00:00.0000",10.28,81.82,5.21409225463867,11.2326517105103,19.6577072143555
"2024-04-22 23:10:00.0000",10.31,82.27,5.13608884811401,10.8012647628784,24.1408557891846
"2024-04-22 23:12:53.0000",,,,,
"2024-04-22 23:20:00.0000",10.33,82.01,5.14982080459595,11.1448392868042,24.033842086792
"2024-04-22 23:30:00.0000",10.42,81.73,4.67234039306641,10.4587602615356,20.0163040161133
"2024-04-22 23:40:00.0000",10.49,81.6,4.31754016876221,8.65218544006348,22.6485977172852
"2024-04-22 23:30:27.0000",,,,,
"2024-04-22 23:50:00.0000",10.52,81.72,4.54367828369141,9.28154850006104,21.9410247802734
"2024-04-22 23:47:57.0000",,,,,
"2024-04-23 00:10:00.0000",10.64,81.41,4.66281366348267,9.44535350799561,18.1177043914795
"2024-04-23 00:00:00.0000",10.62,81.5,4.58189868927002,9.59292411804199,18.2701721191406
"2024-04-23 00:06:29.0000",,,,,
"2024-04-23 00:20:00.0000",10.53,81.05,4.71632766723633,11.420298576355,24.2230701446533
"2024-04-23 00:22:56.0000",,,,,
"2024-04-23 00:30:00.0000",10.36,80.51,4.76880121231079,10.165376663208,21.1597461700439
"2024-04-23 00:40:00.0000",10.21,80.23,4.4958963394165,8.87669849395752,15.3079986572266
"2024-04-23 00:40:26.0000",,,,,
"2024-04-23 00:50:00.0000",10.2,80.11,5.23847436904907,10.5130271911621,18.2733497619629
"2024-04-23 00:57:56.0000",,,,,
"2024-04-23 01:00:00.0000",10.16,80.53,5.31680679321289,11.46897315979,20.4225883483887
"2024-04-23 01:10:00.0000",10.15,80.61,5.88416528701782,11.872353553772,23.9496154785156
"2024-04-23 01:20:00.0000",10.13,80.46,5.2850775718689,9.87793254852295,20.5331001281738
"2024-04-23 01:16:22.0000",,,,,
"2024-04-23 01:30:00.0000",10.11,80.14,5.01832962036133,8.99339485168457,20.8601570129395
"2024-04-23 01:40:00.0000",9.97,78.24,2.89917063713074,5.28895807266235,11.5438232421875
"2024-04-23 01:32:49.0000",,,,,
"2024-04-23 01:50:00.0000",9.78,76.83,2.71097803115845,5.55936241149902,11.7799043655396
"2024-04-23 01:50:25.0000",,,,,
"2024-04-23 02:10:00.0000",9.57,76.75,3.91321349143982,6.72404861450195,11.6177949905396
"2024-04-23 02:00:00.0000",9.61,76.28,3.03285431861877,5.04287433624268,11.0317649841309
"2024-04-23 02:07:54.0000",,,,,
"2024-04-23 02:20:00.0000",9.51,76.8,3.17099809646606,5.35397720336914,10.2410831451416
"2024-04-23 02:26:21.0000",,,,,
"2024-04-23 02:30:00.0000",9.48,76.32,2.61818194389343,5.63469696044922,11.0622501373291
"2024-04-23 02:40:00.0000",9.33,75.32,1.86696016788483,5.64008235931396,15.1236276626587
"2024-04-23 02:42:53.0000",,,,,
"2024-04-23 02:50:00.0000",9.21,73.08,1.67087018489838,7.1008768081665,15.0214691162109
"2024-04-23 03:00:00.0000",9.06,70.2,1.72597718238831,7.9309287071228,19.0354232788086
"2024-04-23 03:00:22.0000",,,,,
"2024-04-23 03:10:00.0000",9.02,69.23,1.86492645740509,9.45175838470459,26.8880863189697
"2024-04-23 03:20:00.0000",8.98,68.62,1.93121242523193,9.41968250274658,25.4419345855713
"2024-04-23 03:17:53.0000",,,,,
"2024-04-23 03:40:00.0000",8.83,67.44,1.92271876335144,10.3549222946167,29.9024143218994
"2024-04-23 03:30:00.0000",8.92,67.73,1.83833765983582,9.46438312530518,27.0705108642578
"2024-04-23 03:36:19.0000",,,,,
"2024-04-23 03:50:00.0000",8.86,67.9,1.79268097877502,8.04269504547119,15.6982021331787
"2024-04-23 03:52:53.0000",,,,,
"2024-04-23 04:00:00.0000",8.88,68.09,1.59408605098724,6.25527238845825,13.3870182037354
"2024-04-23 04:10:00.0000",8.9,68.15,1.98242425918579,9.67980766296387,21.8151779174805
"2024-04-23 04:10:21.0000",,,,,
"2024-04-23 04:20:00.0000",8.87,68.07,1.74921774864197,8.76845741271973,19.1687755584717
"2024-04-23 04:27:51.0000",,,,,
"2024-04-23 04:30:00.0000",8.7,68.93,2.09020042419434,11.120717048645,34.4848480224609
"2024-04-23 04:40:00.0000",8.61,69.81,1.97347617149353,9.61380863189697,21.4394493103027
"2024-04-23 04:50:00.0000",8.54,70.4,1.67058265209198,7.62208604812622,19.1966705322266
"2024-04-23 04:46:22.0000",,,,,
"2024-04-23 05:00:00.0000",8.43,70.62,1.7528395652771,8.94453620910645,28.3727436065674
"2024-04-23 05:10:00.0000",8.46,70.7,1.94313716888428,9.92977142333984,27.4555816650391
"2024-04-23 05:02:51.0000",,,,,
"2024-04-23 05:20:00.0000",8.45,69.86,1.97850656509399,10.506890296936,35.3205146789551
"2024-04-23 05:20:20.0000",,,,,
"2024-04-23 05:40:00.0000",8.35,67.34,2.03248071670532,10.0663614273071,25.1818790435791
"2024-04-23 05:30:00.0000",8.36,68.21,2.03741526603699,10.6434230804443,31.5954303741455
"2024-04-23 05:37:51.0000",,,,,
"2024-04-23 05:50:00.0000",8.4,67.31,2.54441285133362,13.1951284408569,36.59033203125
"2024-04-23 05:56:21.0000",,,,,
"2024-04-23 06:00:00.0000",8.4,66.92,2.56741833686829,11.9355573654175,31.8581676483154
"2024-04-23 06:10:00.0000",8.44,67.14,2.27946710586548,10.2505855560303,28.4000148773193
"2024-04-23 06:12:53.0000",,,,,
"2024-04-23 06:20:00.0000",8.49,66.34,2.32844543457031,11.2951812744141,34.0343017578125
"2024-04-23 06:30:00.0000",8.44,62.31,2.37556481361389,9.70467853546143,25.19557762146
"2024-04-23 06:40:00.0000",8.54,61.1,2.35081315040588,9.80631923675537,24.5498142242432
"2024-04-23 06:30:23.0000",,,,,
"2024-04-23 06:50:00.0000",8.64,60.42,2.44538831710815,9.45790481567383,25.6673889160156
"2024-04-23 07:00:00.0000",8.67,59.81,2.51393294334412,9.9271354675293,24.2660465240479
"2024-04-23 06:47:52.0000",,,,,
"2024-04-23 07:10:00.0000",8.82,58.78,2.37074995040894,10.2169818878174,29.6697292327881
"2024-04-23 07:06:18.0000",,,,,
"2024-04-23 07:20:00.0000",8.7,56.24,2.13695216178894,8.47019100189209,20.6565818786621
"2024-04-23 07:22:51.0000",,,,,
"2024-04-23 07:30:00.0000",8.79,56.22,2.43923020362854,10.3662490844727,49.9013938903809
"2024-04-23 07:40:00.0000",8.91,55.61,2.05063986778259,7.84367561340332,20.0056476593018
"2024-04-23 07:40:22.0000",,,,,
"2024-04-23 07:50:00.0000",8.96,55.48,2.24548768997192,8.12850952148438,27.3427639007568
"2024-04-23 08:00:00.0000",8.83,55.12,2.32153272628784,10.0246210098267,25.4661636352539
"2024-04-23 07:57:50.0000",,,,,
"2024-04-23 08:10:00.0000",9.21,55.67,2.34001445770264,8.6368350982666,19.2723960876465
"2024-04-23 08:20:00.0000",9.28,54.72,2.16641783714294,8.52603435516357,31.3972568511963
"2024-04-23 08:30:00.0000",9.58,54.2,2.34383630752563,9.40733528137207,27.3136043548584
"2024-04-23 08:16:22.0000",,,,,
"2024-04-23 08:40:00.0000",9.84,53.26,2.26776218414307,9.29765129089355,22.8025989532471
"2024-04-23 08:32:50.0000",,,,,
"2024-04-23 08:50:00.0000",9.86,53.07,2.10723447799683,8.64101791381836,20.8749008178711
"2024-04-23 09:00:00.0000",10.08,53.34,2.36339950561523,9.737060546875,40.9136581420898
"2024-04-23 08:50:20.0000",,,,,
"2024-04-23 09:10:00.0000",10.3,52.56,3.30757737159729,12.0945796966553,31.2851161956787
"2024-04-23 09:07:51.0000",,,,,
"2024-04-23 09:30:00.0000",10.13,51.97,2.15890383720398,9.59421825408936,23.6219024658203
"2024-04-23 09:20:00.0000",10.33,52.41,2.20720624923706,8.52784156799316,32.6988983154297
"2024-04-23 09:26:22.0000",,,,,
"2024-04-23 09:40:00.0000",10.45,51.76,1.66586828231812,7.17768812179565,19.3865089416504
"2024-04-23 09:42:48.0000",,,,,
"2024-04-23 09:50:00.0000",10.51,51.34,2.00638461112976,8.18945026397705,19.5518627166748
"2024-04-23 10:00:00.0000",10.77,51.09,1.84712851047516,6.83460855484009,18.1436405181885
"2024-04-23 10:10:00.0000",10.91,50.87,2.3331606388092,9.29821014404297,25.8676834106445
"2024-04-23 10:00:19.0000",,,,,
"2024-04-23 10:20:00.0000",11.08,50.95,1.75333189964294,7.05856084823608,22.3606338500977
"2024-04-23 10:17:54.0000",,,,,
"2024-04-23 10:30:00.0000",11.49,50.12,2.01753163337708,7.77880907058716,32.7535667419434
"2024-04-23 10:40:00.0000",10.88,49.94,2.62463402748108,7.45883798599243,20.9014720916748
"2024-04-23 10:36:19.0000",,,,,
"2024-04-23 11:00:00.0000",11.87,48.18,1.50258791446686,4.89218807220459,16.9771938323975
"2024-04-23 10:50:00.0000",11.37,49.7,1.84929955005646,6.2587776184082,11.3718738555908
"2024-04-23 10:52:53.0000",,,,,
"2024-04-23 10:57:49.0000",,,,,
"2024-04-23 11:10:00.0000",12.52,46.43,1.46801841259003,4.8907585144043,9.97452545166016
"2024-04-23 11:10:22.0000",,,,,
"2024-04-23 11:30:00.0000",12.17,44.51,1.38081610202789,4.87692356109619,13.1337976455688
"2024-04-23 11:20:00.0000",12.83,45.68,1.4779235124588,5.20707893371582,10.2823009490967
"2024-04-23 11:27:50.0000",,,,,
"2024-04-23 11:40:00.0000",12.49,46.25,1.88484942913055,6.16373729705811,12.6443605422974
"2024-04-23 11:50:00.0000",13.2,43.7,1.6027740240097,4.88523721694946,11.7341289520264
"2024-04-23 12:00:00.0000",13.38,43.6,1.40333950519562,5.39546632766724,16.1725254058838
"2024-04-23 11:46:23.0000",,,,,
"2024-04-23 12:10:00.0000",13.8,42.51,1.47077715396881,5.11538696289062,14.0213117599487
"2024-04-23 12:02:51.0000",,,,,
"2024-04-23 12:20:00.0000",13.7,45.19,1.65162169933319,6.35699653625488,14.7181568145752
"2024-04-23 12:30:00.0000",13.43,46.96,1.72795367240906,7.47461748123169,20.2984390258789
"2024-04-23 12:20:20.0000",,,,,
"2024-04-23 12:40:00.0000",12.52,46.14,1.93104076385498,7.41239356994629,17.1226806640625
"2024-04-23 12:37:51.0000",,,,,
"2024-04-23 12:50:00.0000",12.2,48.75,2.41667747497559,9.55692863464355,30.3599395751953
"2024-04-23 13:00:00.0000",12.36,49.21,2.29456210136414,9.44594478607178,22.6122570037842
"2024-04-23 12:56:21.0000",,,,,
"2024-04-23 13:10:00.0000",12.59,48.87,2.52485513687134,9.84621524810791,21.7121105194092
"2024-04-23 13:12:49.0000",,,,,
"2024-04-23 13:20:00.0000",12.54,48.9,2.68500590324402,12.4156703948975,35.6431770324707
"2024-04-23 13:30:00.0000",12.36,48.42,2.59022545814514,10.7337417602539,25.4993553161621
"2024-04-23 13:40:00.0000",12.7,48.98,2.51840496063232,10.2018480300903,20.8956394195557
"2024-04-23 13:30:18.0000",,,,,
"2024-04-23 13:50:00.0000",13.05,47.51,2.79043960571289,11.5983381271362,45.2370681762695
"2024-04-23 14:00:00.0000",12.9,47.94,3.10856699943542,12.3774271011353,34.7365531921387
"2024-04-23 13:47:48.0000",,,,,
"2024-04-23 14:10:00.0000",12.71,48.59,2.61664724349976,10.0688753128052,19.2663040161133
"2024-04-23 14:06:19.0000",,,,,
"2024-04-23 14:20:00.0000",12.58,48.42,2.60045671463013,11.1949167251587,23.0215950012207
"2024-04-23 14:30:00.0000",12.15,47.84,2.57322335243225,10.7635936737061,24.1795978546143
"2024-04-23 14:22:48.0000",,,,,
"2024-04-23 14:40:00.0000",11.97,50.12,2.4776554107666,11.0165348052979,25.5431232452393
"2024-04-23 14:40:17.0000",,,,,
"2024-04-23 15:00:00.0000",12.38,49.51,2.60203838348389,10.6384201049805,24.965030670166
"2024-04-23 14:50:00.0000",12.09,49.87,2.42041611671448,10.603796005249,27.8704814910889
"2024-04-23 14:57:46.0000",,,,,
"2024-04-23 15:10:00.0000",12.59,50.91,2.37017679214478,10.4409503936768,27.3041610717773
"2024-04-23 15:20:00.0000",12.55,49.68,2.30429267883301,10.5290184020996,22.1730690002441
"2024-04-23 15:16:13.0000",,,,,
"2024-04-23 15:30:00.0000",13.05,49.3,2.21323156356812,9.09711456298828,21.2556209564209
"2024-04-23 15:40:00.0000",12.47,50.03,2.3205931186676,9.23110103607178,18.2941608428955
"2024-04-23 15:32:45.0000",,,,,
"2024-04-23 15:50:00.0000",12.24,50.99,2.33670496940613,9.7250394821167,23.3623886108398
"2024-04-23 16:00:00.0000",12.72,50.89,2.48627471923828,10.2799205780029,25.0869846343994
"2024-04-23 15:50:15.0000",,,,,
"2024-04-23 16:10:00.0000",12.95,50.06,2.28265261650085,9.92085838317871,22.7359199523926
"2024-04-23 16:07:46.0000",,,,,
"2024-04-23 16:30:00.0000",13.19,48.98,2.66794061660767,11.278133392334,32.8617057800293
"2024-04-23 16:20:00.0000",12.98,51.2,2.20469927787781,8.9850025177002,22.4600658416748
"2024-04-23 16:26:17.0000",,,,,
"2024-04-23 16:40:00.0000",13.01,49.83,2.61806392669678,11.8778533935547,24.4351825714111
"2024-04-23 16:42:50.0000",,,,,
"2024-04-23 16:50:00.0000",13.21,49.5,2.47052359580994,10.6172561645508,26.9821338653564
"2024-04-23 17:00:00.0000",12.68,50.57,2.75973033905029,11.6959648132324,25.0774974822998
"2024-04-23 17:10:00.0000",12.67,52.94,3.0461094379425,12.8255786895752,31.6310005187988
"2024-04-23 17:00:19.0000",,,,,
"2024-04-23 17:20:00.0000",13.07,51,2.81076312065125,11.3927612304688,24.9259777069092
"2024-04-23 17:30:00.0000",13.44,48.94,2.79198527336121,12.2511234283447,30.8243713378906
"2024-04-23 17:17:48.0000",,,,,
"2024-04-23 17:40:00.0000",13.15,47.89,2.69686198234558,10.5439872741699,19.3927841186523
"2024-04-23 17:36:14.0000",,,,,
"2024-04-23 17:50:00.0000",12.98,48.98,2.57768058776855,11.1425075531006,24.9242763519287
"2024-04-23 17:52:49.0000",,,,,
"2024-04-23 18:00:00.0000",12.94,48.27,2.5419545173645,9.68948650360107,22.6395092010498
"2024-04-23 18:10:00.0000",12.73,49.25,2.56613421440125,10.7977600097656,23.7931499481201
"2024-04-23 18:10:18.0000",,,,,
"2024-04-23 18:30:00.0000",12.02,52.24,2.57103824615479,11.4265108108521,32.7602767944336
"2024-04-23 18:20:00.0000",12.31,50.92,2.5987696647644,11.9939212799072,27.7975807189941
"2024-04-23 18:27:47.0000",,,,,
"2024-04-23 18:40:00.0000",11.8,53.48,3.03206157684326,13.4444913864136,39.8567695617676
"2024-04-23 18:50:00.0000",11.67,55.95,2.59338188171387,12.2288312911987,29.1523780822754
"2024-04-23 18:46:13.0000",,,,,
"2024-04-23 19:00:00.0000",11.66,55.24,2.71455001831055,12.0503568649292,38.0788078308105
"2024-04-23 19:10:00.0000",11.39,56.06,3.01303029060364,12.3976716995239,30.052547454834
"2024-04-23 19:02:47.0000",,,,,
"2024-04-23 19:20:00.0000",11.19,53.02,2.46346473693848,11.122106552124,26.4921188354492
"2024-04-23 19:30:00.0000",10.98,53.64,2.98715949058533,14.0121746063232,32.638614654541
"2024-04-23 19:20:16.0000",,,,,
"2024-04-23 19:40:00.0000",10.76,54.9,2.67535901069641,10.8175916671753,21.3411560058594
"2024-04-23 19:37:46.0000",,,,,
"2024-04-23 19:50:00.0000",10.51,55.45,2.36560487747192,9.20625114440918,20.9229984283447
"2024-04-23 19:56:17.0000",,,,,
"2024-04-23 20:00:00.0000",10.33,58.26,2.36529612541199,11.2239427566528,32.0148582458496
"2024-04-23 20:10:00.0000",10.27,60.33,3.45169997215271,11.5893545150757,26.084379196167
"2024-04-23 20:12:44.0000",,,,,
"2024-04-23 20:20:00.0000",10.27,62.12,2.25434803962708,10.4397239685059,25.9976940155029
"2024-04-23 20:30:00.0000",10.23,61.82,2.23787522315979,9.70719528198242,30.6770286560059
"2024-04-23 20:30:14.0000",,,,,
"2024-04-23 20:40:00.0000",10.29,63.09,2.20938682556152,10.7226934432983,25.5892734527588
"2024-04-23 20:50:00.0000",10.26,63.09,2.20377635955811,10.21848487854,32.9134674072266
"2024-04-23 20:47:45.0000",,,,,
"2024-04-23 21:00:00.0000",10.17,64.16,2.29610419273376,10.659704208374,34.6603317260742
"2024-04-23 21:10:00.0000",10.05,64.93,2.55273652076721,11.1965341567993,25.1088161468506
"2024-04-23 21:06:15.0000",,,,,
"2024-04-23 21:20:00.0000",9.95,65.79,2.76877665519714,12.7072610855103,33.6457061767578
"2024-04-23 21:22:48.0000",,,,,
"2024-04-23 21:30:00.0000",9.88,65.03,2.43070960044861,10.8525009155273,23.7209739685059
"2024-04-23 21:40:00.0000",9.83,64.1,2.41696548461914,13.120246887207,44.3183555603027
"2024-04-23 21:40:17.0000",,,,,
"2024-04-23 21:50:00.0000",9.78,65.53,2.36770153045654,11.8572692871094,30.3265590667725
"2024-04-23 21:57:48.0000",,,,,
"2024-04-23 22:00:00.0000",9.79,66.49,2.47857570648193,12.078782081604,33.9104309082031
"2024-04-23 22:10:00.0000",9.82,67.22,2.66015601158142,13.6560392379761,35.7316360473633
"2024-04-23 22:20:00.0000",9.74,67.82,2.47427129745483,11.8473749160767,29.0325031280518
"2024-04-23 22:16:14.0000",,,,,
"2024-04-23 22:40:00.0000",9.78,68.35,2.32025027275085,11.6666460037231,29.1868953704834
"2024-04-23 22:30:00.0000",9.79,68.53,2.59668827056885,12.6908578872681,31.0312767028809
"2024-04-23 22:32:47.0000",,,,,
"2024-04-23 22:50:00.0000",9.78,68.42,2.57635164260864,12.0968952178955,30.7272415161133
"2024-04-23 22:50:17.0000",,,,,
"2024-04-23 23:10:00.0000",9.75,68.99,2.71214604377747,14.5784854888916,43.9360237121582
"2024-04-23 23:00:00.0000",9.77,68.64,2.73901748657227,14.0299158096313,36.1822242736816
"2024-04-23 23:07:45.0000",,,,,
"2024-04-23 23:20:00.0000",9.83,68.96,2.86566662788391,14.3747110366821,35.2313804626465
"2024-04-23 23:26:17.0000",,,,,
"2024-04-23 23:30:00.0000",9.83,69.34,2.75195860862732,13.1740493774414,27.9659652709961
"2024-04-23 23:40:00.0000",9.85,69.24,2.69073343276978,12.4083042144775,37.5594444274902
"2024-04-23 23:42:45.0000",,,,,
"2024-04-23 23:50:00.0000",9.82,69.13,3.00612664222717,14.5384721755981,35.2046318054199
"2024-04-24 00:00:00.0000",9.83,69.96,2.94134140014648,14.4560089111328,35.9906005859375
"2024-04-24 00:10:00.0000",9.81,70.01,2.85780787467957,13.4524984359741,33.9048805236816
"2024-04-24 00:00:14.0000",,,,,
"2024-04-24 00:20:00.0000",9.84,70.4,3.18679928779602,14.3781595230103,30.1352787017822
"2024-04-24 00:30:00.0000",9.81,70.63,2.84295344352722,14.975378036499,36.016471862793
"2024-04-24 00:17:44.0000",,,,,
"2024-04-24 00:40:00.0000",9.76,70.73,2.75949454307556,13.0246963500977,30.7317085266113
"2024-04-24 00:36:16.0000",,,,,
"2024-04-24 00:50:00.0000",9.78,70.88,3.09200644493103,14.5229015350342,29.0050010681152
"2024-04-24 00:52:44.0000",,,,,
"2024-04-24 01:00:00.0000",9.77,70.26,2.6938304901123,12.2943286895752,27.2923316955566
"2024-04-24 01:10:00.0000",9.78,71.18,3.03441858291626,18.1349468231201,46.0859489440918
"2024-04-24 01:10:17.0000",,,,,
"2024-04-24 01:20:00.0000",9.78,71.07,2.87543034553528,14.7677345275879,38.36572265625
"2024-04-24 01:27:47.0000",,,,,
"2024-04-24 01:30:00.0000",9.77,71.48,3.09047913551331,15.046669960022,33.3892021179199
"2024-04-24 01:40:00.0000",9.77,71.94,3.24594974517822,16.0303211212158,41.2619819641113
"2024-04-24 01:50:00.0000",9.79,72.22,3.08383083343506,15.5172233581543,32.1269416809082
"2024-04-24 01:46:15.0000",,,,,
"2024-04-24 02:00:00.0000",9.86,72.81,3.20027732849121,16.3290042877197,41.4969215393066
"2024-04-24 02:10:00.0000",9.91,72.35,3.2227771282196,15.2123346328735,47.1857376098633
"2024-04-24 02:02:46.0000",,,,,
"2024-04-24 02:20:00.0000",9.95,71.86,3.21609854698181,18.1929378509521,63.4942893981934
"2024-04-24 02:20:18.0000",,,,,
"2024-04-24 02:30:00.0000",9.91,71.16,2.86017942428589,14.8244609832764,47.7664604187012
"2024-04-24 02:40:00.0000",8.6,68.36,3.13867592811584,14.1086225509644,27.3904628753662
"2024-04-24 02:37:46.0000",,,,,
"2024-04-24 02:50:00.0000",8.15,70.17,3.64373207092285,15.491527557373,35.0166664123535
"2024-04-24 02:56:17.0000",,,,,
"2024-04-24 03:00:00.0000",7.97,71.05,3.40907073020935,13.7720861434937,42.9347534179688
"2024-04-24 03:10:00.0000",7.97,71.23,3.23829412460327,14.2578868865967,38.6314468383789
"2024-04-24 03:12:47.0000",,,,,
"2024-04-24 03:20:00.0000",7.96,70.77,3.20757675170898,12.4048871994019,21.8756847381592
"2024-04-24 03:30:00.0000",7.99,70.92,2.93943023681641,10.2561130523682,19.0250663757324
"2024-04-24 03:40:00.0000",7.9,70.26,3.28609752655029,13.0691499710083,30.3933639526367
"2024-04-24 03:30:15.0000",,,,,
"2024-04-24 03:50:00.0000",7.77,69.44,2.93021249771118,12.1606464385986,30.105504989624
"2024-04-24 03:47:45.0000",,,,,
"2024-04-24 04:00:00.0000",7.7,69.49,2.97564220428467,10.7633943557739,24.025562286377
"2024-04-24 04:10:00.0000",7.54,68.96,2.74648332595825,11.4016628265381,32.0941123962402
"2024-04-24 04:06:11.0000",,,,,
"2024-04-24 04:20:00.0000",7.34,68.2,2.64947271347046,10.7749519348145,30.8737773895264
"2024-04-24 04:22:44.0000",,,,,
"2024-04-24 04:30:00.0000",7.25,67.92,2.75731897354126,11.7771120071411,24.7580642700195
"2024-04-24 04:40:00.0000",7.19,67.97,2.35548949241638,9.23508071899414,24.2592163085938
"2024-04-24 04:40:12.0000",,,,,
"2024-04-24 04:50:00.0000",7.18,67.79,2.46656179428101,10.8932676315308,29.5246982574463
"2024-04-24 04:57:42.0000",,,,,
"2024-04-24 05:00:00.0000",7.07,67.36,2.41723489761353,11.3300886154175,31.8076667785645
"2024-04-24 05:10:00.0000",6.99,66.8,2.36494040489197,10.2976980209351,30.9644470214844
"2024-04-24 05:20:00.0000",6.9,65.6,2.35074067115784,11.3412065505981,31.2874069213867
"2024-04-24 05:16:08.0000",,,,,
"2024-04-24 05:40:00.0000",6.92,64.69,2.20017313957214,9.52183437347412,19.3939418792725
"2024-04-24 05:30:00.0000",6.91,64.71,2.24341440200806,10.5885457992554,30.184534072876
"2024-04-24 05:32:41.0000",,,,,
"2024-04-24 05:50:00.0000",6.96,64.13,2.43435454368591,10.0520763397217,25.193042755127
"2024-04-24 05:50:13.0000",,,,,
"2024-04-24 06:00:00.0000",6.95,63.29,2.95694518089294,12.814826965332,32.7118339538574
"2024-04-24 06:10:00.0000",7.05,62.44,2.1041464805603,9.92694568634033,24.2130355834961
"2024-04-24 06:07:43.0000",,,,,
"2024-04-24 06:30:00.0000",7.23,56.97,1.71648156642914,7.21904230117798,21.5832328796387
"2024-04-24 06:20:00.0000",7.28,59.55,2.22030425071716,8.8230447769165,19.6324329376221
"2024-04-24 06:26:13.0000",,,,,
"2024-04-24 06:40:00.0000",7.18,56.68,1.88499116897583,8.999755859375,22.82057762146
"2024-04-24 06:42:40.0000",,,,,
"2024-04-24 06:50:00.0000",7,55.36,1.82761025428772,8.74611759185791,19.1979007720947
"2024-04-24 07:00:00.0000",6.82,55.01,1.82694756984711,8.50778675079346,26.5784168243408
"2024-04-24 07:00:10.0000",,,,,
"2024-04-24 07:10:00.0000",6.85,54.55,1.62967598438263,6.99547481536865,16.0014820098877
"2024-04-24 07:20:00.0000",6.98,54.11,1.72585415840149,7.02216625213623,17.475700378418
"2024-04-24 07:17:41.0000",,,,,
"2024-04-24 07:30:00.0000",7.06,53.51,1.58718848228455,6.39832782745361,15.218921661377
"2024-04-24 07:40:00.0000",7.01,52.73,1.56471657752991,6.35201787948608,17.5375022888184
"2024-04-24 07:36:11.0000",,,,,
"2024-04-24 08:00:00.0000",6.74,51.28,1.2183563709259,5.2214732170105,14.7888517379761
"2024-04-24 07:50:00.0000",6.79,51.13,1.4083456993103,6.82410860061646,16.7594547271729
"2024-04-24 07:52:44.0000",,,,,
"2024-04-24 08:10:00.0000",6.9,50.71,1.34256446361542,6.52896690368652,23.2288799285889
"2024-04-24 08:10:14.0000",,,,,
"2024-04-24 08:30:00.0000",7.72,49.95,1.18998742103577,5.00633001327515,12.3668804168701
"2024-04-24 08:20:00.0000",7.39,51.15,1.34642553329468,6.93335199356079,25.1990394592285
"2024-04-24 08:27:44.0000",,,,,
"2024-04-24 08:40:00.0000",7.89,47.7,1.38210117816925,6.37874269485474,19.4539947509766
"2024-04-24 08:50:00.0000",7.84,46.18,1.32168543338776,5.13317203521729,9.01325225830078
"2024-04-24 08:46:09.0000",,,,,
"2024-04-24 09:00:00.0000",7.89,46.29,1.41447186470032,5.8548903465271,13.5206613540649
"2024-04-24 09:10:00.0000",7.88,44.99,1.29127430915833,5.33834838867188,12.633768081665
"2024-04-24 09:02:42.0000",,,,,
"2024-04-24 09:20:00.0000",7.8,43.7,1.27719438076019,5.56390810012817,19.611385345459
"2024-04-24 09:30:00.0000",7.99,44.7,1.1780161857605,5.19474840164185,20.1767959594727
"2024-04-24 09:20:12.0000",,,,,
"2024-04-24 09:40:00.0000",8.36,42.66,3.89992022514343,9.01718330383301,17.3328075408936
"2024-04-24 09:37:42.0000",,,,,
"2024-04-24 09:50:00.0000",8.67,42.02,1.16259849071503,3.97800922393799,13.60520362854
"2024-04-24 10:00:00.0000",9.09,41.24,1.2157928943634,4.46010303497314,15.0642547607422
"2024-04-24 09:56:12.0000",,,,,
"2024-04-24 10:10:00.0000",9.45,40.17,1.21912860870361,3.77577877044678,13.8884706497192
"2024-04-24 10:12:41.0000",,,,,
"2024-04-24 10:20:00.0000",9.73,39.47,1.35961997509003,4.75042247772217,14.4802360534668
"2024-04-24 10:30:00.0000",10.52,39.94,1.35392582416534,4.16972780227661,11.6143045425415
"2024-04-24 10:30:10.0000",,,,,
"2024-04-24 10:40:00.0000",11.12,39.44,1.56838607788086,5.56315326690674,16.0282020568848
"2024-04-24 10:50:00.0000",10.76,37.2,1.41082918643951,4.90415382385254,12.007040977478
"2024-04-24 10:47:40.0000",,,,,
"2024-04-24 11:00:00.0000",11.21,38.74,1.45561587810516,4.92259120941162,11.9622707366943
"2024-04-24 10:57:39.0000",,,,,
"2024-04-24 11:10:00.0000",12.03,37.97,1.21863746643066,4.09090995788574,8.90800762176514
"2024-04-24 11:06:12.0000",,,,,
"2024-04-24 11:30:00.0000",12.32,35.68,1.52828478813171,5.04089832305908,14.259934425354
"2024-04-24 11:20:00.0000",13.12,36.01,1.60342502593994,5.31782817840576,14.2269983291626
"2024-04-24 11:22:39.0000",,,,,
"2024-04-24 11:40:00.0000",12.57,36.24,1.43399560451508,4.1544394493103,7.94504690170288
"2024-04-24 11:40:08.0000",,,,,
"2024-04-24 11:50:00.0000",11.85,36.01,1.85568678379059,7.28563499450684,30.8730163574219
"2024-04-24 12:00:00.0000",12.09,39.7,1.51037013530731,5.31402158737183,17.0637302398682
"2024-04-24 11:57:44.0000",,,,,
"2024-04-24 12:10:00.0000",11.27,40.02,1.53190529346466,5.2879958152771,18.4921340942383
"2024-04-24 12:20:00.0000",11.7,41.85,1.3080438375473,4.74859809875488,11.5456371307373
"2024-04-24 12:16:11.0000",,,,,
"2024-04-24 12:30:00.0000",11.25,44.14,1.46934151649475,5.79150533676147,19.2006301879883
"2024-04-24 12:40:00.0000",10.63,44.16,1.66637396812439,6.4777684211731,19.3460502624512
"2024-04-24 12:32:43.0000",,,,,
"2024-04-24 12:50:00.0000",10.99,45.14,1.62816941738129,6.53773832321167,13.1576375961304
"2024-04-24 12:50:12.0000",,,,,
"2024-04-24 13:00:00.0000",11.75,44.48,1.68811368942261,6.66111707687378,20.0956115722656
"2024-04-24 13:10:00.0000",11.81,43.08,1.58402001857758,5.31580352783203,10.466254234314
"2024-04-24 13:07:43.0000",,,,,
"2024-04-24 13:20:00.0000",11.66,43.26,1.70200109481812,6.94381999969482,19.4455623626709
"2024-04-24 13:30:00.0000",11.02,44.12,1.79760658740997,6.77889490127563,18.3867683410645
"2024-04-24 13:26:13.0000",,,,,
"2024-04-24 13:40:00.0000",11.42,44.06,1.66373872756958,6.17742347717285,21.7641067504883
"2024-04-24 13:42:41.0000",,,,,
"2024-04-24 13:50:00.0000",11.74,42.16,1.60739612579346,6.55840635299683,19.5885162353516
"2024-04-24 14:00:00.0000",11.78,42.97,1.67138087749481,6.55229473114014,20.5869426727295
"2024-04-24 14:00:10.0000",,,,,
"2024-04-24 14:10:00.0000",11.28,43.66,1.37536406517029,5.91821718215942,12.0137519836426
"2024-04-24 14:20:00.0000",11.48,44.26,1.31919062137604,5.93194532394409,17.4212036132812
"2024-04-24 14:17:40.0000",,,,,
"2024-04-24 14:30:00.0000",11.79,42.76,1.43566608428955,5.60136032104492,11.2530698776245
"2024-04-24 14:40:00.0000",11.72,42.81,1.31399309635162,5.98702001571655,12.3762254714966
"2024-04-24 14:36:12.0000",,,,,
"2024-04-24 14:50:00.0000",11.75,42.77,1.32377207279205,5.63950872421265,13.6300954818726
"2024-04-24 15:00:00.0000",11.68,42.76,1.40211176872253,5.49256134033203,17.5877780914307
"2024-04-24 14:52:40.0000",,,,,
"2024-04-24 15:10:00.0000",11.73,43.78,1.39067721366882,4.5627555847168,8.63997173309326
"2024-04-24 15:10:09.0000",,,,,
"2024-04-24 15:30:00.0000",11.92,44.11,1.58156001567841,6.96403789520264,18.1292400360107
"2024-04-24 15:20:00.0000",12.08,43.05,1.55348193645477,6.3770170211792,17.8656368255615
"2024-04-24 15:27:40.0000",,,,,
"2024-04-24 15:40:00.0000",11.96,43.54,1.2493143081665,5.03307819366455,11.7073307037354
"2024-04-24 15:50:00.0000",12.07,43.46,1.37666416168213,6.00938606262207,18.2923240661621
"2024-04-24 16:00:00.0000",12.34,42.63,1.33921003341675,5.42964696884155,13.3520088195801
"2024-04-24 15:46:11.0000",,,,,
"2024-04-24 16:10:00.0000",11.96,42.8,1.29855740070343,4.72245073318481,17.486177444458
"2024-04-24 16:02:38.0000",,,,,
"2024-04-24 16:20:00.0000",11.89,42.97,1.37651765346527,6.06626796722412,15.0974111557007
"2024-04-24 16:30:00.0000",12.2,43.33,1.89374470710754,7.62574863433838,28.9844493865967
"2024-04-24 16:20:08.0000",,,,,
"2024-04-24 16:40:00.0000",12.21,43.51,1.95931363105774,6.95282745361328,13.3187217712402
"2024-04-24 16:37:38.0000",,,,,
"2024-04-24 16:50:00.0000",11.97,42.79,1.5480831861496,6.32269620895386,16.7818737030029
"2024-04-24 17:00:00.0000",11.99,44.09,1.65626490116119,6.43355083465576,16.8652191162109
"2024-04-24 16:56:04.0000",,,,,
"2024-04-24 17:10:00.0000",12.17,43.59,1.71636056900024,6.10125875473022,12.7577924728394
"2024-04-24 17:12:37.0000",,,,,
"2024-04-24 17:20:00.0000",12.15,42.69,1.39641261100769,5.04843473434448,15.3706254959106
"2024-04-24 17:30:00.0000",11.91,43.36,1.3530992269516,6.03627395629883,16.0851726531982
"2024-04-24 17:40:00.0000",11.63,43.98,1.73609757423401,6.26170969009399,16.8567676544189
"2024-04-24 17:30:07.0000",,,,,
"2024-04-24 17:50:00.0000",11.8,44.09,1.46260058879852,5.34347867965698,11.1736068725586
"2024-04-24 17:47:36.0000",,,,,
"2024-04-24 18:00:00.0000",11.53,43.81,1.39955365657806,5.49274253845215,13.1010208129883
"2024-04-24 18:10:00.0000",11.66,44.89,1.39258468151093,5.51450824737549,11.3448572158813
"2024-04-24 18:06:07.0000",,,,,
"2024-04-24 18:20:00.0000",11.61,45.03,1.38519704341888,5.1875433921814,12.7405796051025
"2024-04-24 18:30:00.0000",11.14,43.33,1.37492871284485,5.82896661758423,14.9012002944946
"2024-04-24 18:22:41.0000",,,,,
"2024-04-24 18:40:00.0000",10.98,45.73,1.71092331409454,6.83125782012939,22.1836719512939
"2024-04-24 18:40:09.0000",,,,,
"2024-04-24 18:50:00.0000",10.9,45.44,1.2810355424881,5.49785852432251,13.74289894104
"2024-04-24 18:57:39.0000",,,,,
"2024-04-24 19:00:00.0000",10.68,45.84,1.49309968948364,6.49524450302124,17.3987579345703
"2024-04-24 19:10:00.0000",10.47,46.19,1.55707669258118,6.31385898590088,25.4526424407959
"2024-04-24 19:16:05.0000",,,,,
"2024-04-24 19:20:00.0000",10.07,47.04,1.739701628685,6.58046722412109,17.9220333099365
"2024-04-24 19:30:00.0000",9.9,47.42,1.46644294261932,6.23948192596436,17.3007736206055
"2024-04-24 19:40:00.0000",9.44,47.76,1.54731166362762,5.7088189125061,18.7702159881592
"2024-04-24 19:32:38.0000",,,,,
"2024-04-24 19:50:00.0000",9.08,47.94,1.65980637073517,6.40625619888306,18.2399444580078
"2024-04-24 19:50:08.0000",,,,,
"2024-04-24 20:00:00.0000",8.76,49.5,1.4394736289978,6.391526222229,16.2547798156738
"2024-04-24 20:10:00.0000",8.55,48.97,1.41502964496613,5.77316379547119,15.6344585418701
"2024-04-24 20:07:38.0000",,,,,
"2024-04-24 20:30:00.0000",8.32,51.13,1.71286332607269,6.01980638504028,16.8026275634766
"2024-04-24 20:20:00.0000",8.41,50.48,2.19742226600647,7.3671703338623,13.5975275039673
"2024-04-24 20:26:04.0000",,,,,
"2024-04-24 20:40:00.0000",8.23,52.3,1.45403289794922,5.95284938812256,15.6172132492065
"2024-04-24 20:42:36.0000",,,,,
"2024-04-24 20:50:00.0000",8.11,52.1,1.75189602375031,7.3747878074646,21.9952049255371
"2024-04-24 21:00:00.0000",8.05,52.8,1.52879273891449,6.49696636199951,17.794677734375
"2024-04-24 21:10:00.0000",7.95,52.89,1.64499282836914,6.17412376403809,20.9908599853516
"2024-04-24 21:00:07.0000",,,,,
"2024-04-24 21:20:00.0000",7.73,53.31,1.84298539161682,6.29193782806396,17.5157985687256
"2024-04-24 21:17:35.0000",,,,,
"2024-04-24 21:30:00.0000",7.65,54.22,2.09228205680847,8.42359924316406,21.4409332275391
"2024-04-24 21:40:00.0000",7.56,54.16,1.54263937473297,5.98204278945923,13.5343084335327
"2024-04-24 21:36:07.0000",,,,,
"2024-04-24 21:50:00.0000",7.55,55.68,1.71810555458069,6.77524948120117,16.9135417938232
"2024-04-24 22:00:00.0000",7.52,56.47,1.86101925373077,7.26170682907104,19.0090408325195
"2024-04-24 21:52:35.0000",,,,,
"2024-04-24 22:10:00.0000",7.44,55.66,2.00660133361816,9.11049270629883,28.2801303863525
"2024-04-24 22:10:06.0000",,,,,
"2024-04-24 22:20:00.0000",7.34,57.35,1.60395121574402,7.91448211669922,22.669885635376
"2024-04-24 22:27:40.0000",,,,,
"2024-04-24 22:30:00.0000",7.16,58.88,1.7908126115799,7.24735593795776,18.8222808837891
"2024-04-24 22:40:00.0000",7.01,60.55,2.22288870811462,8.22274875640869,23.9705867767334
"2024-04-24 22:50:00.0000",7,61.08,1.98595130443573,7.64603519439697,19.9227752685547
"2024-04-24 23:00:00.0000",6.88,61.82,1.59849166870117,7.721116065979,21.4024791717529
"2024-04-24 22:46:05.0000",,,,,
"2024-04-24 23:10:00.0000",6.83,62.49,1.68205118179321,7.4663405418396,23.9801044464111
"2024-04-24 23:02:39.0000",,,,,
"2024-04-24 23:20:00.0000",6.83,62.58,1.83106994628906,6.95782423019409,23.5426902770996
"2024-04-24 23:30:00.0000",6.75,62.65,1.87789583206177,7.42178583145142,19.2139167785645
"2024-04-24 23:20:09.0000",,,,,
"2024-04-24 23:40:00.0000",6.84,63.46,1.57364988327026,6.93237161636353,17.5959873199463
"2024-04-24 23:37:37.0000",,,,,
"2024-04-24 23:50:00.0000",6.94,63.99,1.80551397800446,7.02008438110352,18.1941986083984
"2024-04-24 23:56:05.0000",,,,,
"2024-04-25 00:00:00.0000",6.87,64.01,1.70588076114655,7.09798860549927,14.2948379516602
"2024-04-25 00:10:00.0000",6.82,64.54,1.51787340641022,7.02812385559082,21.5031566619873
"2024-04-25 00:12:36.0000",,,,,
"2024-04-25 00:20:00.0000",6.88,65.06,1.8100152015686,7.80329990386963,22.939811706543
"2024-04-25 00:30:00.0000",6.85,65.97,1.72284662723541,7.21499109268188,15.987268447876
"2024-04-25 00:40:00.0000",6.93,66.65,1.76770913600922,7.45114707946777,15.7338800430298
"2024-04-25 00:30:07.0000",,,,,
"2024-04-25 00:50:00.0000",7.02,67.1,1.71917593479156,7.87632036209106,17.7966613769531
"2024-04-25 01:00:00.0000",7.05,67.27,1.90009450912476,8.32180500030518,20.2105941772461
"2024-04-25 00:47:37.0000",,,,,
"2024-04-25 01:10:00.0000",7.12,67.61,1.81917703151703,7.09737062454224,23.2743167877197
"2024-04-25 01:06:08.0000",,,,,
"2024-04-25 01:30:00.0000",7.27,67.88,1.73564910888672,8.12652206420898,17.8121509552002
"2024-04-25 01:20:00.0000",7.2,67.77,1.91677343845367,7.50287580490112,20.5339469909668
"2024-04-25 01:22:36.0000",,,,,
"2024-04-25 01:40:00.0000",7.31,67.77,1.65159773826599,7.47243499755859,19.0447120666504
"2024-04-25 01:40:05.0000",,,,,
"2024-04-25 01:50:00.0000",7.18,68.06,1.61890470981598,7.412841796875,22.9233856201172
"2024-04-25 02:00:00.0000",7.19,67.39,1.67523145675659,7.51314353942871,20.3189086914062
"2024-04-25 01:57:35.0000",,,,,
"2024-04-25 02:10:00.0000",7.26,66.43,2.23663544654846,8.51337432861328,28.168664932251
"2024-04-25 02:20:00.0000",7.29,65.13,1.61462318897247,7.37868309020996,19.8325443267822
"2024-04-25 02:16:07.0000",,,,,
"2024-04-25 02:30:00.0000",7.32,63.99,1.50397992134094,6.35790109634399,20.9566612243652
"2024-04-25 02:40:00.0000",7.38,64.1,1.69672334194183,6.75826025009155,17.0099201202393
"2024-04-25 02:32:34.0000",,,,,
"2024-04-25 02:50:00.0000",7.45,63.84,1.71852195262909,7.06050586700439,21.7874526977539
"2024-04-25 03:00:00.0000",7.41,63.65,1.58320438861847,7.26437377929688,18.6324501037598
"2024-04-25 02:50:08.0000",,,,,
"2024-04-25 03:10:00.0000",7.39,63.7,1.64317989349365,6.93190574645996,15.1576375961304
"2024-04-25 03:07:38.0000",,,,,
"2024-04-25 03:20:00.0000",7.34,63.23,1.57986736297607,6.65363264083862,15.9948930740356
"2024-04-25 03:30:00.0000",7.35,61.97,1.43057823181152,5.78776597976685,20.8728370666504
"2024-04-25 03:26:06.0000",,,,,
"2024-04-25 03:40:00.0000",7.25,61.75,1.61549246311188,6.18738555908203,13.4242916107178
"2024-04-25 03:42:37.0000",,,,,
"2024-04-25 03:50:00.0000",7.24,61.51,1.64214563369751,6.78797674179077,19.3694934844971
"2024-04-25 04:00:00.0000",7.29,61.4,1.78708839416504,7.83689832687378,21.3837184906006
"2024-04-25 04:10:00.0000",7.29,61.7,1.8278124332428,7.18063354492188,19.8359832763672
"2024-04-25 04:00:07.0000",,,,,
"2024-04-25 04:20:00.0000",7.32,62.32,1.63862419128418,6.75390338897705,17.4666500091553
"2024-04-25 04:17:37.0000",,,,,
"2024-04-25 04:40:00.0000",7.45,64.7,1.82102024555206,7.11257076263428,26.7036151885986
"2024-04-25 04:30:00.0000",7.38,63.47,1.6602863073349,7.2823338508606,17.8076400756836
"2024-04-25 04:36:08.0000",,,,,
"2024-04-25 05:00:00.0000",7.55,65.89,2.0436589717865,9.40211296081543,23.4557571411133
"2024-04-25 04:50:00.0000",7.47,65.11,1.78289771080017,7.07224893569946,20.9619808197021
"2024-04-25 04:52:36.0000",,,,,
"2024-04-25 05:10:00.0000",7.94,63.8,2.05103158950806,8.26614093780518,24.9733333587646
"2024-04-25 05:10:05.0000",,,,,
"2024-04-25 05:30:00.0000",8.24,58.36,1.63701725006104,7.13200330734253,19.4440841674805
"2024-04-25 05:20:00.0000",8.18,60.25,2.71848392486572,19.009298324585,90.2240905761719
"2024-04-25 05:27:35.0000",,,,,
"2024-04-25 05:40:00.0000",8.32,60.24,1.72026550769806,7.57636308670044,23.2467555999756
"2024-04-25 05:50:00.0000",8.39,58.25,1.84418261051178,8.88063907623291,30.4292602539062
"2024-04-25 06:10:00.0000",8.49,58.77,1.46098208427429,6.09782218933105,14.0125312805176
"2024-04-25 06:00:00.0000",8.45,57.58,1.4671186208725,6.60280513763428,16.5575752258301
"2024-04-25 05:46:02.0000",,,,,
"2024-04-25 06:02:34.0000",,,,,
"2024-04-25 06:20:00.0000",8.52,59.18,1.77288401126862,9.60190010070801,20.2404251098633
"2024-04-25 06:30:00.0000",8.48,59.22,2.2386531829834,15.8266010284424,108.438362121582
"2024-04-25 06:20:03.0000",,,,,
"2024-04-25 06:40:00.0000",8.57,60.78,1.7072491645813,6.28532743453979,16.5003471374512
"2024-04-25 06:37:32.0000",,,,,
"2024-04-25 06:50:00.0000",7.84,68.09,1.88965630531311,8.00427722930908,23.6594638824463
"2024-04-25 07:00:00.0000",7.31,69.28,1.95196175575256,7.50968503952026,19.4065589904785
"2024-04-25 06:56:00.0000",,,,,
"2024-04-25 07:10:00.0000",7.28,70.8,1.74631702899933,6.89461135864258,21.2430973052979
"2024-04-25 07:12:31.0000",,,,,
"2024-04-25 07:20:00.0000",7.43,71.32,1.88910377025604,7.48961400985718,25.6459693908691
"2024-04-25 07:30:00.0000",7.73,71.98,2.20163512229919,9.25348663330078,30.3305950164795
"2024-04-25 07:30:04.0000",,,,,
"2024-04-25 07:40:00.0000",7.74,73.04,2.24949193000793,9.47483348846436,28.397253036499
"2024-04-25 07:50:00.0000",7.7,71.31,2.29467797279358,7.69622802734375,18.3297367095947
"2024-04-25 08:00:00.0000",7.66,70.3,1.988037109375,7.89613008499146,22.3726043701172
"2024-04-25 07:47:33.0000",,,,,
"2024-04-25 08:10:00.0000",7.71,70.75,1.768963098526,7.45190763473511,25.7385349273682
"2024-04-25 08:06:04.0000",,,,,
"2024-04-25 08:20:00.0000",8.08,69.68,1.34894835948944,5.46975326538086,22.8227081298828
"2024-04-25 08:30:00.0000",8.41,65.98,1.63551354408264,5.66889905929565,12.6656847000122
"2024-04-25 08:22:31.0000",,,,,
"2024-04-25 08:40:00.0000",8.61,65.85,1.3099250793457,6.27287817001343,20.1112022399902
"2024-04-25 08:40:01.0000",,,,,
"2024-04-25 09:00:00.0000",8.43,68.48,1.83172225952148,7.14420747756958,15.2696361541748
"2024-04-25 08:50:00.0000",8.5,65.78,1.25271809101105,6.10500955581665,17.638162612915
"2024-04-25 08:57:30.0000",,,,,
"2024-04-25 09:10:00.0000",8.18,68.37,1.58668398857117,5.75258684158325,13.2908849716187
"2024-04-25 09:20:00.0000",8.04,68.91,1.49767053127289,6.27837562561035,11.8601026535034
"2024-04-25 09:16:01.0000",,,,,
"2024-04-25 09:30:00.0000",7.88,70.25,1.69765174388885,5.61343812942505,14.4388151168823
"2024-04-25 09:40:00.0000",7.57,72.92,1.36927282810211,5.53702163696289,13.4655714035034
"2024-04-25 09:32:33.0000",,,,,
"2024-04-25 09:50:00.0000",7.63,73.01,1.34076797962189,5.57549619674683,12.3829231262207
"2024-04-25 10:00:00.0000",7.81,70.59,1.07766819000244,5.23370838165283,15.1337471008301
"2024-04-25 09:50:05.0000",,,,,
"2024-04-25 10:10:00.0000",7.43,72.16,1.28272604942322,5.84241628646851,17.4757041931152
"2024-04-25 10:07:34.0000",,,,,
"2024-04-25 10:20:00.0000",7.55,73.8,1.06500172615051,3.57647109031677,8.90583896636963
"2024-04-25 10:30:00.0000",7.93,73.09,1.34223127365112,6.24744319915771,28.8539714813232
"2024-04-25 10:25:59.0000",,,,,
"2024-04-25 10:40:00.0000",8.28,71.46,1.23458468914032,4.61772537231445,10.3288879394531
"2024-04-25 10:42:33.0000",,,,,
"2024-04-25 10:50:00.0000",8.6,67.65,0.991580843925476,3.97528314590454,16.1364917755127
"2024-04-25 11:00:00.0000",8.83,65.34,1.16252994537354,4.88802480697632,14.9613971710205
"2024-04-25 10:57:35.0000",,,,,
"2024-04-25 11:00:03.0000",,,,,
"2024-04-25 11:10:00.0000",9.18,66.34,1.44843053817749,5.79822301864624,21.1883201599121
"2024-04-25 11:20:00.0000",9.42,66.85,1.64422905445099,7.06664371490479,16.2235145568848
"2024-04-25 11:30:00.0000",9.78,65.04,1.26811909675598,4.59740924835205,9.54647827148438
"2024-04-25 11:17:33.0000",,,,,
"2024-04-25 11:40:00.0000",10.07,62.77,1.20617485046387,4.96722316741943,15.9375247955322
"2024-04-25 11:36:03.0000",,,,,
"2024-04-25 11:50:00.0000",10.36,61.17,1.17023301124573,4.77180004119873,15.9626131057739
"2024-04-25 12:00:00.0000",10.37,59.4,1.20253133773804,4.40472841262817,13.5688028335571
"2024-04-25 11:52:30.0000",,,,,
"2024-04-25 12:10:00.0000",10.37,58.23,1.1747739315033,4.91439819335938,24.0750637054443
"2024-04-25 12:10:02.0000",,,,,
"2024-04-25 12:20:00.0000",10.14,60.28,1.19184219837189,5.35635185241699,20.3791790008545
"2024-04-25 12:30:00.0000",10.14,60.09,1.25866663455963,5.0460262298584,18.5531444549561
"2024-04-25 12:27:31.0000",,,,,
"2024-04-25 12:40:00.0000",10.24,59.12,1.11492586135864,4.60406827926636,10.2521734237671
"2024-04-25 12:50:00.0000",10.33,56.35,1.27955687046051,6.16204166412354,24.3205852508545
"2024-04-25 13:00:00.0000",10.35,56.53,1.01112651824951,3.80289244651794,9.39445972442627
"2024-04-25 12:46:02.0000",,,,,
"2024-04-25 13:02:31.0000",,,,,
"2024-04-25 13:10:00.0000",10.31,56.24,1.4068865776062,5.00452947616577,11.5569181442261
"2024-04-25 13:20:00.0000",10.21,54.78,0.973401427268982,4.61873388290405,17.6219940185547
"2024-04-25 13:30:00.0000",10.32,55.86,1.20002973079681,3.71531772613525,8.90324974060059
"2024-04-25 13:20:05.0000",,,,,
"2024-04-25 13:40:00.0000",10.36,55.65,0.957247614860535,4.86636829376221,20.9409961700439
"2024-04-25 13:37:35.0000",,,,,
"2024-04-25 14:00:00.0000",10.35,52.54,0.691874265670776,2.73161625862122,6.92975616455078
"2024-04-25 13:50:00.0000",10.25,51.71,0.857962787151337,3.45955681800842,11.8215036392212
"2024-04-25 13:56:01.0000",,,,,
"2024-04-25 14:10:00.0000",10.5,51.97,0.736254632472992,2.88935399055481,12.6586713790894
"2024-04-25 14:12:33.0000",,,,,
"2024-04-25 14:20:00.0000",10.7,52.22,1.13436007499695,5.06771278381348,11.6442956924438
"2024-04-25 14:30:00.0000",10.49,52.74,0.923109233379364,3.46128916740417,11.5086631774902
"2024-04-25 14:30:02.0000",,,,,
"2024-04-25 14:40:00.0000",10.51,52.94,0.959261834621429,3.8083324432373,10.6984615325928
"2024-04-25 14:50:00.0000",10.32,55.03,1.07469582557678,4.30624771118164,12.9931859970093
"2024-04-25 14:47:33.0000",,,,,
"2024-04-25 15:00:00.0000",10.35,55.57,1.13762533664703,4.42182064056396,15.7266902923584
"2024-04-25 15:10:00.0000",10.38,55.4,0.894028544425964,3.3399772644043,7.64015674591064
"2024-04-25 15:06:04.0000",,,,,
"2024-04-25 15:20:00.0000",10.82,56.9,1.35704827308655,4.71544027328491,10.715256690979
"2024-04-25 15:30:00.0000",11.08,55.69,1.30470943450928,4.08109569549561,17.5875568389893
"2024-04-25 15:22:32.0000",,,,,
"2024-04-25 15:40:00.0000",10.9,56.9,1.13594174385071,4.53382110595703,10.9950408935547
"2024-04-25 15:40:02.0000",,,,,
"2024-04-25 15:50:00.0000",11.31,53.53,1.13059628009796,3.56021332740784,10.4578676223755
"2024-04-25 16:00:00.0000",11.81,53.13,1.18787384033203,4.37022018432617,12.4136247634888
"2024-04-25 15:57:32.0000",,,,,
"2024-04-25 16:10:00.0000",11.69,50.71,0.97346556186676,3.33952116966248,11.7775955200195
"2024-04-25 16:20:00.0000",11.27,48.94,0.915310621261597,3.17821669578552,7.20582962036133
"2024-04-25 16:30:00.0000",11.37,52.08,1.04244184494019,3.62528562545776,10.6023988723755
"2024-04-25 16:16:01.0000",,,,,
"2024-04-25 16:40:00.0000",11.34,50.03,0.963676273822784,3.1965160369873,8.25266742706299
"2024-04-25 16:32:30.0000",,,,,
"2024-04-25 16:50:00.0000",11.86,51.01,1.04864764213562,3.69884395599365,7.48201560974121
"2024-04-25 17:00:00.0000",12.5,49.62,1.19276988506317,4.1932520866394,9.59033584594727
"2024-04-25 17:10:00.0000",12.47,48.06,0.932312428951263,3.29423999786377,8.36283683776855
"2024-04-25 17:07:31.0000",,,,,
"2024-04-25 17:30:00.0000",12.51,48.16,1.10541296005249,4.80363178253174,14.5846281051636
"2024-04-25 17:20:00.0000",12.4,48.24,1.02753388881683,3.3770477771759,8.39452743530273
"2024-04-25 17:26:01.0000",,,,,
"2024-04-25 17:40:00.0000",12.44,47.68,1.15186023712158,3.80882692337036,9.50114917755127
"2024-04-25 17:42:34.0000",,,,,
"2024-04-25 17:50:00.0000",12.24,47.99,1.03916382789612,3.44069075584412,8.48054504394531
"2024-04-25 18:00:00.0000",12.34,48.47,1.2008535861969,3.83920192718506,18.5775394439697
"2024-04-25 18:10:00.0000",12.32,48.2,1.2094761133194,4.06929206848145,9.42083740234375
"2024-04-25 18:00:04.0000",,,,,
"2024-04-25 18:20:00.0000",12.16,49.45,1.10513114929199,3.9279682636261,11.8870401382446
"2024-04-25 18:17:33.0000",,,,,
"2024-04-25 18:30:00.0000",11.7,51.52,1.11593854427338,4.30033302307129,9.66453170776367
"2024-04-25 18:40:00.0000",11.49,52.59,1.24350214004517,4.12401437759399,11.192684173584
"2024-04-25 18:35:54.0000",,,,,
"2024-04-25 18:50:00.0000",11.67,52.11,0.772109746932983,2.43856120109558,7.64709615707397
"2024-04-25 19:00:00.0000",11.53,51.4,0.727786958217621,2.60906028747559,12.6910190582275
"2024-04-25 18:52:26.0000",,,,,
"2024-04-25 19:10:00.0000",10.86,48.93,2.2192485332489,5.31551504135132,12.1463985443115
"2024-04-25 19:09:56.0000",,,,,
"2024-04-25 19:20:00.0000",10.58,48.53,1.24366986751556,2.44273829460144,5.53420400619507
"2024-04-25 19:30:00.0000",10.18,49.09,3.78976321220398,7.94583034515381,27.0170154571533
"2024-04-25 19:27:27.0000",,,,,
"2024-04-25 19:40:00.0000",9.65,50.05,1.77578711509705,3.80995392799377,12.1305332183838
"2024-04-25 19:45:57.0000",,,,,
"2024-04-25 19:50:00.0000",9.14,51.35,1.19070506095886,2.94459962844849,6.41725158691406
"2024-04-25 20:00:00.0000",8.92,52.45,1.25031590461731,3.45329713821411,11.4531545639038
"2024-04-25 20:10:00.0000",8.57,53.18,1.46016705036163,3.2474250793457,9.50379467010498
"2024-04-25 20:02:31.0000",,,,,
"2024-04-25 20:20:00.0000",8.23,54.86,1.0933518409729,2.64546203613281,7.84150743484497
"2024-04-25 20:19:59.0000",,,,,
"2024-04-25 20:30:00.0000",8.09,55.9,1.50886261463165,3.22345042228699,7.09411096572876
"2024-04-25 20:40:00.0000",7.94,56.37,0.836378276348114,2.25726556777954,7.24382781982422
"2024-04-25 20:37:30.0000",,,,,
"2024-04-25 21:00:00.0000",7.7,57.51,0.607988774776459,2.13619112968445,10.9451513290405
"2024-04-25 20:50:00.0000",7.79,57.47,0.736555755138397,2.19679522514343,8.19519901275635
"2024-04-25 20:55:55.0000",,,,,
"2024-04-25 21:10:00.0000",7.64,58.01,0.666206061840057,2.13496041297913,5.90787792205811
"2024-04-25 21:12:29.0000",,,,,
"2024-04-25 21:20:00.0000",7.61,58.27,0.706672728061676,2.082848072052,5.32056903839111
"2024-04-25 21:30:00.0000",7.56,58.73,0.661848843097687,1.94970405101776,11.854907989502
"2024-04-25 21:29:58.0000",,,,,
"2024-04-25 21:40:00.0000",7.53,59.31,0.826854646205902,2.05117058753967,6.13699150085449
"2024-04-25 21:50:00.0000",7.56,59.48,0.833945870399475,2.32646465301514,8.42343997955322
"2024-04-25 22:00:00.0000",7.51,59.07,0.79077672958374,2.29016089439392,6.13422679901123
"2024-04-25 21:47:28.0000",,,,,
"2024-04-25 22:10:00.0000",7.52,59.52,0.983550190925598,2.76594638824463,8.60939693450928
"2024-04-25 22:05:54.0000",,,,,
"2024-04-25 22:30:00.0000",7.65,59.05,1.3023327589035,4.1313157081604,8.24448394775391
"2024-04-25 22:20:00.0000",7.57,59.39,1.04658758640289,2.61621451377869,7.55887603759766
"2024-04-25 22:22:26.0000",,,,,
"2024-04-25 22:40:00.0000",7.58,58.82,1.30236661434174,3.7016396522522,9.02702236175537
"2024-04-25 22:39:58.0000",,,,,
"2024-04-25 22:50:00.0000",7.5,59.19,0.991775333881378,2.73004698753357,13.3073892593384
"2024-04-25 22:57:26.0000",,,,,
"2024-04-25 23:00:00.0000",7.52,59.9,1.10913681983948,3.03582286834717,11.8407201766968
"2024-04-25 23:10:00.0000",7.52,60.2,1.31165885925293,3.25379467010498,7.90010547637939
"2024-04-25 23:20:00.0000",7.52,60.24,1.19042265415192,3.34417223930359,6.93266248703003
"2024-04-25 23:15:58.0000",,,,,
"2024-04-25 23:30:00.0000",7.43,59.96,1.54633355140686,4.49149942398071,12.2449731826782
"2024-04-25 23:40:00.0000",7.34,59.96,1.45973765850067,3.66482520103455,10.1621837615967
"2024-04-25 23:32:24.0000",,,,,
"2024-04-25 23:50:00.0000",7.25,60.34,1.47232115268707,3.60554981231689,9.59259414672852
"2024-04-26 00:00:00.0000",7.19,60.55,1.54470705986023,4.20108222961426,14.3778114318848
"2024-04-25 23:49:56.0000",,,,,
"2024-04-26 00:10:00.0000",7.04,60.12,1.57326889038086,3.88766050338745,10.1504831314087
"2024-04-26 00:07:30.0000",,,,,
"2024-04-26 00:20:00.0000",6.96,59.96,1.54251027107239,3.82729411125183,8.21252346038818
"2024-04-26 00:25:55.0000",,,,,
"2024-04-26 00:30:00.0000",6.83,60.07,1.45362102985382,3.81356739997864,10.4407529830933
"2024-04-26 00:40:00.0000",6.75,60.96,1.62662720680237,4.05340719223022,9.07310962677002
"2024-04-26 00:42:29.0000",,,,,
"2024-04-26 00:50:00.0000",6.64,61.03,1.49770665168762,4.20194721221924,10.0740518569946
"2024-04-26 01:00:00.0000",6.49,60.9,1.41971099376678,3.98454165458679,9.38792133331299
"2024-04-26 01:10:00.0000",6.35,60.94,1.38533174991608,3.06459522247314,10.2906560897827
"2024-04-26 01:20:00.0000",6.17,61.52,1.48663556575775,3.72438621520996,9.1796407699585
"2024-04-26 01:17:28.0000",,,,,
"2024-04-26 01:30:00.0000",5.99,62.57,1.66878497600555,3.93195557594299,15.8970222473145
"2024-04-26 01:40:00.0000",5.83,63.2,1.55955600738525,3.82491898536682,16.7160530090332
"2024-04-26 01:36:00.0000",,,,,
"2024-04-26 02:00:00.0000",5.48,64.69,1.91605055332184,4.51552581787109,13.2449684143066
"2024-04-26 01:50:00.0000",5.61,64.36,1.88025999069214,4.78855657577515,17.9291572570801
"2024-04-26 01:52:28.0000",,,,,
"2024-04-26 02:10:00.0000",5.31,65.01,1.58939516544342,4.1999135017395,9.76732635498047
"2024-04-26 02:09:58.0000",,,,,
"2024-04-26 02:30:00.0000",5.11,65.51,2.14999389648438,5.27763557434082,11.6165628433228
"2024-04-26 02:20:00.0000",5.19,65.42,1.70865380764008,3.8336501121521,9.97892951965332
"2024-04-26 02:27:27.0000",,,,,
"2024-04-26 02:40:00.0000",4.99,65.57,2.08378028869629,5.04530572891235,10.3045892715454
"2024-04-26 02:45:58.0000",,,,,
"2024-04-26 02:50:00.0000",5.04,65.05,1.36465549468994,4.05135631561279,11.6852807998657
"2024-04-26 02:48:16.0000",,,,,
"2024-04-26 03:00:00.0000",4.8,66.69,2.38886046409607,4.97190952301025,14.9278755187988
"2024-04-26 03:10:00.0000",4.7,66.94,1.77227175235748,3.81014561653137,11.0735607147217
"2024-04-26 03:02:25.0000",,,,,
"2024-04-26 03:20:00.0000",4.51,66.61,1.43938875198364,3.71394276618958,9.54239559173584
"2024-04-26 03:19:55.0000",,,,,
"2024-04-26 03:40:00.0000",4.21,66.92,1.23821532726288,3.16366815567017,7.15642690658569
"2024-04-26 03:30:00.0000",4.34,66.76,1.38570523262024,3.55276799201965,8.7303991317749
"2024-04-26 03:37:25.0000",,,,,
"2024-04-26 03:50:00.0000",4.14,67.4,1.41676616668701,3.74796652793884,9.22696971893311
"2024-04-26 03:55:56.0000",,,,,
"2024-04-26 04:00:00.0000",4.15,68.05,1.37644636631012,3.49000453948975,8.7226095199585
"2024-04-26 04:10:00.0000",4.03,68.22,1.35471332073212,3.92044544219971,11.5558032989502
"2024-04-26 04:12:30.0000",,,,,
"2024-04-26 04:20:00.0000",3.96,68.46,1.204922914505,3.32213807106018,8.20403671264648
"2024-04-26 04:30:00.0000",3.95,68.76,0.953016877174377,3.23186993598938,11.5528402328491
"2024-04-26 04:29:58.0000",,,,,
"2024-04-26 04:40:00.0000",3.81,68.62,0.951812267303467,3.1455774307251,7.97286891937256
"2024-04-26 04:50:00.0000",3.82,68.74,0.833015441894531,2.82450008392334,10.1845455169678
"2024-04-26 04:47:28.0000",,,,,
"2024-04-26 05:10:00.0000",3.82,69.88,1.28669369220734,3.81073570251465,9.3215446472168
"2024-04-26 05:00:00.0000",3.93,69.2,1.12984132766724,3.29752850532532,9.17534351348877
"2024-04-26 05:05:59.0000",,,,,
"2024-04-26 05:20:00.0000",3.68,69.83,1.49542701244354,3.82091999053955,8.11991024017334
"2024-04-26 05:30:00.0000",3.63,69.98,1.46138954162598,3.56565475463867,8.82357025146484
"2024-04-26 05:22:29.0000",,,,,
"2024-04-26 05:40:00.0000",3.68,70.21,1.63262057304382,4.30151271820068,12.4636478424072
"2024-04-26 05:39:58.0000",,,,,
"2024-04-26 06:00:00.0000",3.78,70.53,1.68981277942657,4.53219366073608,12.356556892395
"2024-04-26 05:50:00.0000",3.68,70.4,1.6757138967514,4.44476270675659,16.9119720458984
"2024-04-26 05:57:28.0000",,,,,
"2024-04-26 06:10:00.0000",4.12,70.41,1.60631048679352,4.55860662460327,13.7303409576416
"2024-04-26 06:15:57.0000",,,,,
"2024-04-26 06:20:00.0000",4.7,69.31,1.845179438591,4.65836191177368,19.4566249847412
"2024-04-26 06:30:00.0000",5.03,67.74,1.31923019886017,3.29191493988037,8.46861457824707
"2024-04-26 06:40:00.0000",5.17,66.99,1.09135043621063,3.53903937339783,12.6080589294434
"2024-04-26 06:32:26.0000",,,,,
"2024-04-26 06:50:00.0000",5.33,66.25,1.21987390518188,3.07253432273865,12.1315231323242
"2024-04-26 06:49:57.0000",,,,,
"2024-04-26 07:00:00.0000",5.51,66.02,1.25517308712006,4.49718618392944,10.3292627334595
"2024-04-26 07:10:00.0000",5.67,65.23,0.950285851955414,2.95345950126648,11.3131427764893
"2024-04-26 07:07:25.0000",,,,,
"2024-04-26 07:30:00.0000",5.94,63.7,0.989408314228058,3.37561750411987,10.2819004058838
"2024-04-26 07:20:00.0000",5.83,64.1,0.863516867160797,3.43988037109375,14.5254926681519
"2024-04-26 07:26:07.0000",,,,,
"2024-04-26 07:40:00.0000",5.99,63.54,1.10264909267426,3.53425788879395,9.72357940673828
"2024-04-26 07:42:24.0000",,,,,
"2024-04-26 07:50:00.0000",6.07,63.38,1.38059389591217,5.09293842315674,12.7916994094849
"2024-04-26 08:00:00.0000",6.25,63.18,1.36198282241821,3.64746713638306,9.28550338745117
"2024-04-26 07:59:54.0000",,,,,
"2024-04-26 08:10:00.0000",6.54,62.42,1.28339731693268,4.08613348007202,20.8677291870117
"2024-04-26 08:20:00.0000",6.62,61.34,0.919350564479828,3.27275991439819,9.40463256835938
"2024-04-26 08:30:00.0000",6.92,61.03,1.0326851606369,3.10580682754517,7.88429641723633
"2024-04-26 08:17:23.0000",,,,,
"2024-04-26 08:40:00.0000",7.07,60.18,0.979563355445862,3.58710527420044,15.1139507293701
"2024-04-26 08:35:50.0000",,,,,
"2024-04-26 08:50:00.0000",7.24,59.56,0.843945443630219,3.17949032783508,7.16521024703979
"2024-04-26 09:00:00.0000",7.41,58.35,0.753486335277557,2.52089166641235,17.7038917541504
"2024-04-26 08:52:22.0000",,,,,
"2024-04-26 09:10:00.0000",7.65,58.41,1.00250172615051,3.89962697029114,11.7496004104614
"2024-04-26 09:09:53.0000",,,,,
"2024-04-26 09:20:00.0000",8.08,57.54,0.910940706729889,3.80613875389099,13.4716835021973
"2024-04-26 09:30:00.0000",8.44,55.96,0.907746076583862,3.94685125350952,22.635570526123
"2024-04-26 09:27:21.0000",,,,,
"2024-04-26 09:40:00.0000",8.74,54.81,0.810573995113373,3.01563000679016,8.13485145568848
"2024-04-26 09:45:54.0000",,,,,
"2024-04-26 09:50:00.0000",9.13,53.19,0.860254526138306,3.62881827354431,10.7666645050049
"2024-04-26 10:00:00.0000",9.59,52.05,0.865147769451141,2.70775198936462,8.13778686523438
"2024-04-26 10:10:00.0000",10.15,49.75,0.937768876552582,3.74616026878357,14.0929403305054
"2024-04-26 10:02:23.0000",,,,,
"2024-04-26 10:20:00.0000",10.06,47.11,0.595114052295685,2.25586032867432,6.66713571548462
"2024-04-26 10:30:00.0000",9.68,46.7,0.778375267982483,3.30283355712891,18.9465847015381
"2024-04-26 10:19:52.0000",,,,,
"2024-04-26 10:40:00.0000",9.44,47.21,0.524068772792816,1.62221586704254,9.7133674621582
"2024-04-26 10:37:26.0000",,,,,
"2024-04-26 11:00:00.0000",11.93,44.33,0.593903779983521,2.85580277442932,20.5460529327393
"2024-04-26 10:50:00.0000",10.48,46.65,0.611614644527435,2.10863256454468,5.69374084472656
"2024-04-26 10:55:51.0000",,,,,
"2024-04-26 10:57:24.0000",,,,,
"2024-04-26 11:10:00.0000",11.35,44.93,0.816757619380951,2.72632932662964,7.81032085418701
"2024-04-26 11:12:24.0000",,,,,
"2024-04-26 11:20:00.0000",11.14,43.05,0.586286962032318,1.74749577045441,12.202823638916
"2024-04-26 11:30:00.0000",10.8,46.57,0.979779660701752,3.09070920944214,11.9332580566406
"2024-04-26 11:29:55.0000",,,,,
"2024-04-26 11:40:00.0000",10.75,43.7,0.656643271446228,1.82662045955658,10.6825342178345
"2024-04-26 11:50:00.0000",10.79,42.38,0.614068567752838,2.1350257396698,7.06601762771606
"2024-04-26 12:00:00.0000",11.13,42.81,0.679566204547882,2.31765913963318,17.7121181488037
"2024-04-26 11:47:24.0000",,,,,
"2024-04-26 12:10:00.0000",11.49,40.86,0.819237053394318,2.12289619445801,6.69286727905273
"2024-04-26 12:05:49.0000",,,,,
"2024-04-26 12:20:00.0000",11.28,40.91,0.770881950855255,2.09941983222961,16.5833587646484
"2024-04-26 12:30:00.0000",11.29,41.47,0.584042131900787,2.21964073181152,7.0379810333252
"2024-04-26 12:22:24.0000",,,,,
"2024-04-26 12:40:00.0000",11.49,41.56,0.810503363609314,2.78742814064026,6.85198879241943
"2024-04-26 12:39:54.0000",,,,,
"2024-04-26 13:00:00.0000",11.38,41.04,0.839039087295532,2.54046702384949,17.4004287719727
"2024-04-26 12:50:00.0000",11.53,40.92,1.06638431549072,3.24998807907104,9.91166400909424
"2024-04-26 12:57:23.0000",,,,,
"2024-04-26 13:10:00.0000",11.49,40.53,0.702146589756012,2.79200100898743,13.0369138717651
"2024-04-26 13:15:52.0000",,,,,
"2024-04-26 13:20:00.0000",11.44,40.69,0.719827651977539,2.92321968078613,9.65855121612549
"2024-04-26 13:30:00.0000",11.66,41.36,1.14388382434845,3.19417119026184,13.603006362915
"2024-04-26 13:40:00.0000",11.6,42.24,1.28322577476501,4.13418865203857,16.7490329742432
"2024-04-26 13:32:21.0000",,,,,
"2024-04-26 13:50:00.0000",11.34,42.62,1.041708111763,2.95541787147522,10.1782417297363
"2024-04-26 14:00:00.0000",10.89,48.33,1.18497848510742,3.28144192695618,13.578426361084
"2024-04-26 13:49:52.0000",,,,,
"2024-04-26 14:10:00.0000",10.51,51.26,1.17901563644409,3.90243077278137,12.7999897003174
"2024-04-26 14:07:21.0000",,,,,
"2024-04-26 14:20:00.0000",10.19,54.7,1.49095094203949,5.39779281616211,29.5716800689697
"2024-04-26 14:30:00.0000",10.05,54.16,1.18575847148895,3.96356248855591,10.523627281189
"2024-04-26 14:25:51.0000",,,,,
"2024-04-26 14:40:00.0000",10.59,52.55,1.14082849025726,3.63860273361206,19.5924987792969
"2024-04-26 14:42:20.0000",,,,,
"2024-04-26 14:50:00.0000",11.37,50.93,0.916609823703766,3.10254883766174,10.6173133850098
"2024-04-26 15:00:00.0000",11.69,49.12,0.922596752643585,2.27883958816528,6.28207397460938
"2024-04-26 14:59:56.0000",,,,,
"2024-04-26 15:10:00.0000",11.36,50.31,0.726930916309357,2.55908536911011,9.69961833953857
"2024-04-26 15:20:00.0000",11.35,51.5,1.036297082901,3.78064393997192,18.6577110290527
"2024-04-26 15:30:00.0000",12,50.54,0.899355888366699,3.05531287193298,10.5724210739136
"2024-04-26 15:17:25.0000",,,,,
"2024-04-26 15:40:00.0000",12.95,48.52,0.946930766105652,3.73617339134216,10.6401653289795
"2024-04-26 15:35:50.0000",,,,,
"2024-04-26 15:50:00.0000",13.59,45.35,1.08260428905487,3.76481008529663,13.7306222915649
"2024-04-26 16:00:00.0000",13.75,42.96,4.42403745651245,7.65174007415771,15.5710611343384
"2024-04-26 15:52:24.0000",,,,,
"2024-04-26 16:10:00.0000",14.2,41.4,1.09524357318878,2.80373358726501,8.03540229797363
"2024-04-26 16:09:53.0000",,,,,
"2024-04-26 16:30:00.0000",14.49,37.78,1.22617673873901,3.24713325500488,11.8592195510864
"2024-04-26 16:20:00.0000",14.78,38.84,1.28621411323547,2.89698338508606,8.03074932098389
"2024-04-26 16:27:22.0000",,,,,
"2024-04-26 16:40:00.0000",13.99,37.7,1.80854403972626,4.27098560333252,8.33155727386475
"2024-04-26 16:45:53.0000",,,,,
"2024-04-26 16:50:00.0000",13.04,38.02,1.40737795829773,3.64521431922913,9.3135232925415
"2024-04-26 17:00:00.0000",12.6,38.88,1.63006579875946,3.58473110198975,7.85475873947144
"2024-04-26 17:10:00.0000",12.29,40.51,1.1933012008667,2.68035292625427,5.67963552474976
"2024-04-26 17:02:23.0000",,,,,
"2024-04-26 17:20:00.0000",12.34,44.31,1.27264046669006,3.82331204414368,13.6389293670654
"2024-04-26 17:30:00.0000",12.06,43.32,1.8169047832489,4.59382009506226,11.3960590362549
"2024-04-26 17:19:52.0000",,,,,
"2024-04-26 17:40:00.0000",11.99,42.9,1.57024526596069,3.30120897293091,19.6543445587158
"2024-04-26 17:37:22.0000",,,,,
"2024-04-26 17:50:00.0000",12.37,42.9,1.3896918296814,3.55637359619141,7.00890684127808
"2024-04-26 18:00:00.0000",12.2,42.61,1.24101305007935,3.16101837158203,6.91133975982666
"2024-04-26 17:55:53.0000",,,,,
"2024-04-26 18:10:00.0000",11.77,43.94,1.71150922775269,5.53390693664551,17.2204265594482
"2024-04-26 18:12:20.0000",,,,,
"2024-04-26 18:20:00.0000",11.69,43.54,2.22103881835938,4.07763147354126,8.14668846130371
"2024-04-26 18:30:00.0000",11.76,44.95,1.19592154026031,3.26857900619507,19.9025573730469
"2024-04-26 18:29:50.0000",,,,,
"2024-04-26 18:40:00.0000",10.86,44.81,1.8224401473999,4.53999090194702,10.7987127304077
"2024-04-26 18:50:00.0000",10.09,46.87,2.60953307151794,4.81762313842773,10.4318590164185
"2024-04-26 18:47:20.0000",,,,,
"2024-04-26 19:00:00.0000",10.23,47.12,2.82140254974365,6.09042739868164,17.784423828125
"2024-04-26 19:10:00.0000",10.46,46.08,1.65701544284821,3.3908793926239,8.03313827514648
"2024-04-26 19:05:52.0000",,,,,
"2024-04-26 19:20:00.0000",10.21,46.38,1.58120310306549,3.74975967407227,8.88127326965332
"2024-04-26 19:30:00.0000",10.11,49,5.17113161087036,9.41237354278564,21.5030784606934
"2024-04-26 19:22:23.0000",,,,,
"2024-04-26 19:40:00.0000",9.82,52.74,2.14194965362549,4.25389528274536,9.88970565795898
"2024-04-26 19:39:54.0000",,,,,
"2024-04-26 20:00:00.0000",9.09,56.5,2.26546764373779,4.23635196685791,9.54762554168701
"2024-04-26 19:50:00.0000",9.44,55.5,1.7651424407959,3.52445650100708,12.8736219406128
"2024-04-26 19:57:24.0000",,,,,
"2024-04-26 20:10:00.0000",8.89,55.9,1.5572372674942,2.91856479644775,6.26606321334839
"2024-04-26 20:20:00.0000",8.71,58.7,3.36792683601379,5.95253276824951,13.1063356399536
"2024-04-26 20:15:55.0000",,,,,
"2024-04-26 20:30:00.0000",8.51,61.28,3.38410997390747,5.65608596801758,9.31589221954346
"2024-04-26 20:40:00.0000",8.35,61.51,3.05845665931702,5.13117504119873,7.98991012573242
"2024-04-26 20:32:16.0000",,,,,
"2024-04-26 20:50:00.0000",8.3,61.55,2.95228219032288,5.4076681137085,8.64836502075195
"2024-04-26 20:49:47.0000",,,,,
"2024-04-26 21:00:00.0000",8.21,61.66,2.18238186836243,4.44903135299683,12.7814350128174
"2024-04-26 21:10:00.0000",8.16,62.38,2.04712462425232,4.11511087417603,10.5876960754395
"2024-04-26 21:07:21.0000",,,,,
"2024-04-26 21:20:00.0000",8.13,62.91,2.12338709831238,3.67616558074951,6.94811153411865
"2024-04-26 21:25:48.0000",,,,,
"2024-04-26 21:30:00.0000",8.1,64.06,2.69232630729675,4.40777778625488,7.92786169052124
"2024-04-26 21:40:00.0000",8.08,64.49,2.58386135101318,4.78952646255493,11.0043773651123
"2024-04-26 21:42:21.0000",,,,,
"2024-04-26 21:50:00.0000",7.96,66.21,2.67181968688965,4.50227642059326,13.7293376922607
"2024-04-26 22:00:00.0000",7.78,67.62,3.00318551063538,4.92914533615112,8.22504711151123
"2024-04-26 22:10:00.0000",7.64,68.75,2.73138213157654,4.70515394210815,8.82735061645508
"2024-04-26 21:59:51.0000",,,,,
"2024-04-26 22:20:00.0000",7.6,69.45,2.96351718902588,4.74093341827393,9.88455963134766
"2024-04-26 22:17:20.0000",,,,,
"2024-04-26 22:30:00.0000",7.57,69.45,2.83942937850952,4.60245418548584,7.82521295547485
"2024-04-26 22:40:00.0000",7.52,69.91,2.96311235427856,5.13457059860229,11.0073566436768
"2024-04-26 22:35:47.0000",,,,,
"2024-04-26 22:50:00.0000",7.47,69.53,3.19431114196777,5.67443132400513,11.1495637893677
"2024-04-26 22:52:19.0000",,,,,
"2024-04-26 23:00:00.0000",7.43,68.99,2.36011123657227,4.26575756072998,11.5245809555054
"2024-04-26 23:10:00.0000",7.41,68.59,2.79562592506409,4.95433616638184,8.49703311920166
"2024-04-26 23:09:49.0000",,,,,
"2024-04-26 23:20:00.0000",7.35,68.64,2.64609742164612,4.45205497741699,16.8894023895264
"2024-04-26 23:27:18.0000",,,,,
"2024-04-26 23:30:00.0000",7.34,68.57,2.44195199012756,4.35084819793701,9.11615467071533
"2024-04-26 23:40:00.0000",7.32,68.27,2.43887233734131,4.80622529983521,9.15525245666504
"2024-04-26 23:50:00.0000",7.23,67.95,2.25635075569153,3.9121732711792,8.38136196136475
"2024-04-26 23:45:50.0000",,,,,
"2024-04-27 00:00:00.0000",7.21,67.87,2.67029500007629,4.95854616165161,8.87224674224854
"2024-04-27 00:10:00.0000",7.13,68.29,2.79033875465393,4.91808271408081,8.35800457000732
"2024-04-27 00:02:18.0000",,,,,
"2024-04-27 00:20:00.0000",7.11,68.05,2.66753435134888,4.56552505493164,8.79048728942871
"2024-04-27 00:19:47.0000",,,,,
"2024-04-27 00:30:00.0000",7.09,67.99,2.64374423027039,5.10354948043823,14.9130182266235
"2024-04-27 00:40:00.0000",7.06,67.81,2.57185125350952,4.85804080963135,12.5368223190308
"2024-04-27 00:37:16.0000",,,,,
"2024-04-27 00:50:00.0000",7,67.82,3.17979860305786,5.93987274169922,11.6283292770386
"2024-04-27 00:55:48.0000",,,,,
"2024-04-27 01:00:00.0000",6.91,67.99,3.06302952766418,5.95378351211548,15.4465303421021
"2024-04-27 01:10:00.0000",6.91,67.79,3.23698568344116,6.12646532058716,12.9649095535278
"2024-04-27 01:12:18.0000",,,,,
"2024-04-27 01:20:00.0000",6.84,67.71,2.93527984619141,5.49528074264526,13.1577482223511
"2024-04-27 01:30:00.0000",6.78,68.17,3.26549768447876,6.31743717193604,17.8791999816895
"2024-04-27 01:29:49.0000",,,,,
"2024-04-27 01:40:00.0000",6.78,67.85,3.32434606552124,6.3454155921936,11.7586765289307
"2024-04-27 01:50:00.0000",6.74,67.84,3.11648631095886,6.38441133499146,12.7884082794189
"2024-04-27 02:00:00.0000",6.69,67.73,3.08115148544312,5.45330572128296,9.51790142059326
"2024-04-27 01:47:21.0000",,,,,
"2024-04-27 02:10:00.0000",6.64,67.76,3.13452363014221,5.8422417640686,18.6461925506592
"2024-04-27 02:05:47.0000",,,,,
"2024-04-27 02:20:00.0000",6.58,67.8,3.79887342453003,7.13276147842407,11.5108976364136
"2024-04-27 02:30:00.0000",6.51,68.02,3.85075545310974,7.3083291053772,14.7844362258911
"2024-04-27 02:22:20.0000",,,,,
"2024-04-27 02:40:00.0000",6.43,68.57,3.77464652061462,7.16140460968018,15.2344560623169
"2024-04-27 02:39:48.0000",,,,,
"2024-04-27 02:50:00.0000",6.27,69.1,4.31008863449097,7.80544328689575,16.522403717041
"2024-04-27 03:00:00.0000",6.17,69.33,4.4102520942688,7.45210075378418,15.0563087463379
"2024-04-27 02:57:19.0000",,,,,
"2024-04-27 03:10:00.0000",6.11,69.65,4.84483194351196,8.08711910247803,19.5725994110107
"2024-04-27 03:20:00.0000",6.02,69.97,5.05541038513184,8.48118209838867,17.148021697998
"2024-04-27 03:15:51.0000",,,,,
"2024-04-27 03:30:00.0000",6.01,70.26,5.25583457946777,8.31188201904297,15.3080205917358
"2024-04-27 03:40:00.0000",5.98,70.42,5.84867811203003,9.41684055328369,21.2475624084473
"2024-04-27 03:32:18.0000",,,,,
"2024-04-27 03:50:00.0000",5.94,70.6,5.84216356277466,9.24905014038086,14.9505681991577
"2024-04-27 03:49:47.0000",,,,,
"2024-04-27 04:00:00.0000",5.96,70.72,5.814528465271,9.75392055511475,15.1335716247559
"2024-04-27 04:10:00.0000",5.89,70.77,5.28435945510864,8.73652935028076,15.3257322311401
"2024-04-27 04:07:16.0000",,,,,
"2024-04-27 04:20:00.0000",5.8,71.09,5.42983913421631,7.98946952819824,20.5367908477783
"2024-04-27 04:25:48.0000",,,,,
"2024-04-27 04:30:00.0000",5.72,71.46,5.88045835494995,9.10426998138428,19.2245178222656
"2024-04-27 04:40:00.0000",5.6,71.4,6.39778852462769,9.71854400634766,18.2275581359863
"2024-04-27 04:42:15.0000",,,,,
"2024-04-27 04:50:00.0000",5.56,71.52,6.56760501861572,10.0110111236572,16.0141658782959
"2024-04-27 05:00:00.0000",5.51,71.61,6.85751008987427,10.1400299072266,15.0924263000488
"2024-04-27 05:10:00.0000",5.47,71.79,7.33869600296021,10.8248329162598,14.8104887008667
"2024-04-27 04:59:45.0000",,,,,
"2024-04-27 05:20:00.0000",5.42,71.97,8.11628150939941,11.698203086853,20.8727607727051
"2024-04-27 05:30:00.0000",5.42,72.19,8.09843254089355,11.9194011688232,16.6867809295654
"2024-04-27 05:17:17.0000",,,,,
"2024-04-27 05:40:00.0000",5.41,72.16,8.0907735824585,11.3540830612183,17.2281055450439
"2024-04-27 05:35:47.0000",,,,,
"2024-04-27 06:00:00.0000",5.53,72.61,6.98698663711548,10.2221260070801,18.3376235961914
"2024-04-27 05:50:00.0000",5.45,72.65,8.07143974304199,11.4807624816895,17.4274997711182
"2024-04-27 05:52:20.0000",,,,,
"2024-04-27 06:10:00.0000",5.8,72.4,6.78895282745361,10.5387029647827,22.3264064788818
"2024-04-27 06:09:50.0000",,,,,
"2024-04-27 06:20:00.0000",6.13,71.17,7.12665843963623,10.4005870819092,15.0230407714844
"2024-04-27 06:30:00.0000",6.35,70.35,6.56966114044189,9.28904151916504,14.632568359375
"2024-04-27 06:27:18.0000",,,,,
"2024-04-27 06:40:00.0000",6.48,70.17,6.38282537460327,9.42804622650146,17.7404632568359
"2024-04-27 06:50:00.0000",6.62,69.71,6.09637546539307,9.23458290100098,17.7273826599121
"2024-04-27 07:00:00.0000",6.77,69.15,5.99987316131592,9.66799640655518,18.8143825531006
"2024-04-27 06:45:50.0000",,,,,
"2024-04-27 07:10:00.0000",6.93,68.67,4.39864778518677,6.65631675720215,11.374623298645
"2024-04-27 07:02:18.0000",,,,,
"2024-04-27 07:20:00.0000",7.18,68.01,4.03727865219116,6.49159383773804,11.023943901062
"2024-04-27 07:19:47.0000",,,,,
"2024-04-27 07:40:00.0000",7.58,65.96,3.32532501220703,6.08625173568726,17.1898975372314
"2024-04-27 07:30:00.0000",7.4,67.19,3.96741914749146,6.38710832595825,13.7905921936035
"2024-04-27 07:37:17.0000",,,,,
"2024-04-27 07:50:00.0000",7.69,64.87,2.62667322158813,4.80907440185547,10.3871688842773
"2024-04-27 08:00:00.0000",7.74,63.83,2.22294688224792,4.68034744262695,9.52239990234375
"2024-04-27 07:55:49.0000",,,,,
"2024-04-27 08:10:00.0000",7.92,63.57,1.89521443843842,3.69663953781128,7.45567607879639
"2024-04-27 08:12:16.0000",,,,,
"2024-04-27 08:20:00.0000",8.03,63.01,2.02882814407349,4.47656965255737,14.2754001617432
"2024-04-27 08:30:00.0000",8.31,62.65,1.89947426319122,3.64576315879822,9.94281482696533
"2024-04-27 08:40:00.0000",8.45,61.88,1.90602362155914,3.83929967880249,15.1353025436401
"2024-04-27 08:29:46.0000",,,,,
"2024-04-27 08:50:00.0000",8.65,60.88,1.61787378787994,3.13897562026978,10.0500497817993
"2024-04-27 09:00:00.0000",8.79,60.54,1.92820000648499,4.05653381347656,12.3187999725342
"2024-04-27 08:47:17.0000",,,,,
"2024-04-27 09:10:00.0000",8.91,59.46,1.82996940612793,3.86936140060425,17.7370567321777
"2024-04-27 09:05:48.0000",,,,,
"2024-04-27 09:20:00.0000",9.41,58.43,1.83536279201508,3.879967212677,10.4386911392212
"2024-04-27 09:22:16.0000",,,,,
"2024-04-27 09:30:00.0000",9.91,56.89,1.88265907764435,3.65875482559204,8.29205322265625
"2024-04-27 09:40:00.0000",10.13,55.51,1.53932058811188,3.04074335098267,6.20352363586426
"2024-04-27 09:39:45.0000",,,,,
"2024-04-27 10:00:00.0000",10.94,52.46,1.59452033042908,3.7663459777832,10.5402278900146
"2024-04-27 09:50:00.0000",10.6,54.15,1.4951673746109,3.547030210495,7.7694034576416
"2024-04-27 09:57:14.0000",,,,,
"2024-04-27 10:10:00.0000",11.07,51.16,1.7057591676712,4.05962562561035,13.4341907501221
"2024-04-27 10:20:00.0000",11.06,51.79,2.03473663330078,3.8798348903656,15.0402593612671
"2024-04-27 10:30:00.0000",11.99,49.99,1.4535790681839,2.98325252532959,6.90881967544556
"2024-04-27 10:15:41.0000",,,,,
"2024-04-27 10:40:00.0000",11.93,45.95,1.41175580024719,3.29849100112915,8.45044422149658
"2024-04-27 10:32:13.0000",,,,,
"2024-04-27 10:50:00.0000",12.88,44.81,1.38434970378876,2.97479963302612,11.0093021392822
"2024-04-27 11:00:00.0000",12.07,44.55,1.48262524604797,3.10991716384888,10.1169996261597
"2024-04-27 10:49:44.0000",,,,,
"2024-04-27 10:57:13.0000",,,,,
"2024-04-27 11:10:00.0000",12.86,44.84,1.46986329555511,3.16668200492859,6.61081790924072
"2024-04-27 11:07:13.0000",,,,,
"2024-04-27 11:20:00.0000",12.59,44.97,1.5313937664032,3.28504419326782,15.5586910247803
"2024-04-27 11:25:43.0000",,,,,
"2024-04-27 11:30:00.0000",12.29,43.31,1.37664544582367,3.13786029815674,7.68039464950562
"2024-04-27 11:40:00.0000",12.67,44.14,1.64146387577057,3.63977360725403,9.04554557800293
"2024-04-27 11:42:12.0000",,,,,
"2024-04-27 11:50:00.0000",13.53,43.05,0.896606981754303,1.92173564434052,5.10536479949951
"2024-04-27 12:00:00.0000",14.23,41.07,1.1202347278595,2.67176175117493,7.44722270965576
"2024-04-27 11:59:48.0000",,,,,
"2024-04-27 12:10:00.0000",14.37,39.94,1.34433555603027,3.30681252479553,7.94850301742554
"2024-04-27 12:20:00.0000",14.2,39.31,1.8830760717392,3.68659687042236,9.09055519104004
"2024-04-27 12:30:00.0000",13.79,38.97,1.19814872741699,3.39491105079651,8.73025894165039
"2024-04-27 12:17:17.0000",,,,,
"2024-04-27 12:40:00.0000",13.51,40.21,1.23717391490936,3.09101152420044,11.7499713897705
"2024-04-27 12:35:41.0000",,,,,
"2024-04-27 12:50:00.0000",12.66,39.89,1.41535842418671,3.50099992752075,9.44900226593018
"2024-04-27 13:00:00.0000",12.65,41.1,1.24063110351562,2.69168186187744,8.19298934936523
"2024-04-27 12:52:16.0000",,,,,
"2024-04-27 13:10:00.0000",12.4,42.33,1.64049446582794,3.9565212726593,8.14971351623535
"2024-04-27 13:09:45.0000",,,,,
"2024-04-27 13:20:00.0000",12.8,42.72,1.26169562339783,2.88882803916931,11.3067512512207
"2024-04-27 13:30:00.0000",13.03,43.18,2.35406494140625,4.60105991363525,8.82474422454834
"2024-04-27 13:27:13.0000",,,,,
"2024-04-27 13:40:00.0000",14.18,41.85,1.72808349132538,3.73861622810364,9.55463314056396
"2024-04-27 13:50:00.0000",14.28,39.52,1.07914471626282,2.9637553691864,6.36106395721436
"2024-04-27 14:00:00.0000",13.88,39.33,1.07419431209564,2.76071333885193,9.97519207000732
"2024-04-27 13:45:40.0000",,,,,
"2024-04-27 14:10:00.0000",13.82,39.3,1.01405835151672,2.78962588310242,12.4228467941284
"2024-04-27 14:02:11.0000",,,,,
"2024-04-27 14:20:00.0000",13.42,39.26,1.07072353363037,1.98880958557129,8.55664157867432
"2024-04-27 14:19:43.0000",,,,,
"2024-04-27 14:40:00.0000",13.1,40.04,2.31461977958679,4.46413660049438,9.83745002746582
"2024-04-27 14:30:00.0000",13.08,39.28,1.02205586433411,2.12840914726257,5.46533966064453
"2024-04-27 14:37:10.0000",,,,,
"2024-04-27 14:50:00.0000",12.9,40.97,2.13512086868286,4.41685390472412,12.381742477417
"2024-04-27 15:00:00.0000",12.54,42.27,1.25877833366394,3.60009527206421,10.6763105392456
"2024-04-27 14:55:42.0000",,,,,
"2024-04-27 15:10:00.0000",12.18,43.47,1.71241974830627,4.26681661605835,13.1017169952393
"2024-04-27 15:12:09.0000",,,,,
"2024-04-27 15:20:00.0000",12.03,44.32,1.95484960079193,3.97494912147522,9.65321063995361
"2024-04-27 15:30:00.0000",12.12,45.74,1.76221740245819,4.0279335975647,14.0361986160278
"2024-04-27 15:40:00.0000",12.03,45.83,1.63942515850067,3.76243567466736,11.7455577850342
"2024-04-27 15:29:39.0000",,,,,
"2024-04-27 15:50:00.0000",12.08,45.91,2.08086037635803,4.41620349884033,10.5603227615356
"2024-04-27 15:47:09.0000",,,,,
"2024-04-27 16:10:00.0000",12.21,44.53,2.13830590248108,4.08879518508911,12.7538690567017
"2024-04-27 16:00:00.0000",12.3,45.07,1.97343122959137,3.92685174942017,6.90820837020874
"2024-04-27 16:05:40.0000",,,,,
"2024-04-27 16:20:00.0000",11.92,44.57,1.90461349487305,4.31608629226685,8.54228591918945
"2024-04-27 16:30:00.0000",11.93,43.89,2.33834195137024,4.59147214889526,7.97857713699341
"2024-04-27 16:22:16.0000",,,,,
"2024-04-27 16:40:00.0000",11.91,42.89,1.35809731483459,3.6463418006897,8.46552467346191
"2024-04-27 16:39:46.0000",,,,,
"2024-04-27 17:00:00.0000",11.91,43.73,1.47504794597626,3.19867444038391,11.0473403930664
"2024-04-27 16:50:00.0000",11.91,43.2,2.38386726379395,5.27833223342896,14.4884767532349
"2024-04-27 16:57:15.0000",,,,,
"2024-04-27 17:10:00.0000",11.73,44.88,1.65521168708801,3.44506454467773,6.81240129470825
"2024-04-27 17:20:00.0000",11.61,46,2.76280045509338,4.90888547897339,8.02896022796631
"2024-04-27 17:15:41.0000",,,,,
"2024-04-27 17:30:00.0000",11.58,45.82,1.93743944168091,3.71277618408203,15.0770635604858
"2024-04-27 17:40:00.0000",11.44,48.3,3.35658431053162,5.66642999649048,9.30975723266602
"2024-04-27 17:32:13.0000",,,,,
"2024-04-27 17:50:00.0000",11.21,48.49,1.76076328754425,3.80682182312012,8.50296688079834
"2024-04-27 17:49:44.0000",,,,,
"2024-04-27 18:00:00.0000",11.09,49.25,2.21022486686707,4.36872959136963,11.2795104980469
"2024-04-27 18:10:00.0000",11.1,50.36,3.21279644966125,5.65145492553711,12.4924240112305
"2024-04-27 18:07:13.0000",,,,,
"2024-04-27 18:20:00.0000",11.1,49.43,3.98780608177185,6.95068740844727,11.0666971206665
"2024-04-27 18:25:45.0000",,,,,
"2024-04-27 18:30:00.0000",11.14,49.12,3.09504127502441,6.42092847824097,16.2753200531006
"2024-04-27 18:40:00.0000",11.15,48.65,3.16467976570129,6.79636001586914,16.9333724975586
"2024-04-27 18:42:13.0000",,,,,
"2024-04-27 18:50:00.0000",11.13,48.77,2.38065481185913,4.93520736694336,19.0499134063721
"2024-04-27 19:00:00.0000",11.01,48.73,1.85588002204895,3.77944660186768,9.17874908447266
"2024-04-27 18:59:41.0000",,,,,
"2024-04-27 19:10:00.0000",10.94,48.91,1.77602589130402,4.30653095245361,10.8445081710815
"2024-04-27 19:20:00.0000",10.81,48.58,1.6340925693512,3.76938009262085,9.03389453887939
"2024-04-27 19:30:00.0000",10.8,48.92,2.53926277160645,4.89712858200073,8.28741264343262
"2024-04-27 19:17:13.0000",,,,,
"2024-04-27 19:40:00.0000",10.72,49.05,3.70418548583984,6.97155380249023,11.933819770813
"2024-04-27 19:35:44.0000",,,,,
"2024-04-27 20:00:00.0000",10.6,49.7,2.14700794219971,3.77971005439758,9.80361080169678
"2024-04-27 19:50:00.0000",10.63,49.39,1.95926141738892,3.60766863822937,11.0123014450073
"2024-04-27 19:52:12.0000",,,,,
"2024-04-27 20:10:00.0000",10.5,50.29,1.34881961345673,2.88786292076111,10.2926998138428
"2024-04-27 20:09:40.0000",,,,,
"2024-04-27 20:30:00.0000",10.39,51.33,2.76840353012085,5.35516023635864,15.1824340820312
"2024-04-27 20:20:00.0000",10.39,50.92,1.63912117481232,3.77691006660461,8.32479286193848
"2024-04-27 20:27:15.0000",,,,,
"2024-04-27 20:40:00.0000",10.32,51.69,2.97097635269165,5.90293264389038,16.1674709320068
"2024-04-27 20:50:00.0000",10.22,51.7,2.17053270339966,4.27575778961182,8.76932811737061
"2024-04-27 21:00:00.0000",10.05,52.1,2.3582820892334,4.346435546875,9.15059185028076
"2024-04-27 20:45:42.0000",,,,,
"2024-04-27 21:10:00.0000",9.96,52.8,2.88247227668762,5.39930105209351,13.8305683135986
"2024-04-27 21:02:13.0000",,,,,
"2024-04-27 21:20:00.0000",9.92,53.24,2.56552410125732,5.46605062484741,11.0164251327515
"2024-04-27 21:30:00.0000",9.83,54.35,2.96173906326294,5.68343448638916,10.5990686416626
"2024-04-27 21:19:44.0000",,,,,
"2024-04-27 21:40:00.0000",9.7,55.47,3.37023329734802,6.41344928741455,14.4449672698975
"2024-04-27 21:37:13.0000",,,,,
"2024-04-27 21:50:00.0000",9.56,56.31,2.74421954154968,4.92954349517822,15.873571395874
"2024-04-27 22:00:00.0000",9.38,56.6,2.67723631858826,5.30854177474976,9.63212394714355
"2024-04-27 21:55:46.0000",,,,,
"2024-04-27 22:10:00.0000",9.27,57.14,2.34018921852112,5.43259477615356,10.2748670578003
"2024-04-27 22:12:12.0000",,,,,
"2024-04-27 22:20:00.0000",9.15,57.7,2.64133524894714,5.70584106445312,20.7978858947754
"2024-04-27 22:30:00.0000",9.05,58.29,2.71498107910156,5.80027341842651,14.1976928710938
"2024-04-27 22:29:43.0000",,,,,
"2024-04-27 22:40:00.0000",8.95,58.8,2.36649990081787,5.16092729568481,18.1185760498047
"2024-04-27 22:50:00.0000",8.8,58.96,2.12750697135925,4.21161317825317,14.1213426589966
"2024-04-27 22:47:12.0000",,,,,
"2024-04-27 23:10:00.0000",8.29,59.82,2.40349841117859,4.52937316894531,12.1187868118286
"2024-04-27 23:00:00.0000",8.51,59.43,2.25019669532776,4.26315069198608,8.40538024902344
"2024-04-27 23:05:37.0000",,,,,
"2024-04-27 23:20:00.0000",8.13,60.26,2.48512649536133,4.60088968276978,8.17622375488281
"2024-04-27 23:30:00.0000",8,60.73,2.52135968208313,4.9706015586853,12.8958339691162
"2024-04-27 23:22:11.0000",,,,,
"2024-04-27 23:40:00.0000",7.88,60.87,3.03669476509094,5.71363878250122,10.8201637268066
"2024-04-27 23:39:42.0000",,,,,
"2024-04-27 23:50:00.0000",7.73,61.12,2.87654757499695,5.19685220718384,12.7407245635986
"2024-04-27 23:57:11.0000",,,,,
"2024-04-28 00:00:00.0000",7.53,61.9,2.80640935897827,4.86884450912476,9.16626834869385
"2024-04-28 00:10:00.0000",7.33,62.51,3.02881717681885,5.68663263320923,11.2060232162476
"2024-04-28 00:20:00.0000",7.22,62.46,2.94482731819153,5.38514375686646,14.4870662689209
"2024-04-28 00:30:00.0000",6.94,63.81,2.93675017356873,5.42863035202026,9.5003023147583
"2024-04-28 00:15:36.0000",,,,,
"2024-04-28 00:40:00.0000",6.81,64.19,2.84554195404053,6.02316904067993,14.2309904098511
"2024-04-28 00:32:10.0000",,,,,
"2024-04-28 00:50:00.0000",6.62,65.05,2.54663681983948,4.74773788452148,9.47052669525146
"2024-04-28 00:49:40.0000",,,,,
"2024-04-28 01:00:00.0000",6.53,65.33,2.92645168304443,5.93800735473633,11.3733539581299
"2024-04-28 01:10:00.0000",6.42,65.92,3.05516386032104,4.95181798934937,10.0456581115723
"2024-04-28 01:07:09.0000",,,,,
"2024-04-28 01:20:00.0000",6.33,66.1,3.27773833274841,6.75346851348877,12.9885301589966
"2024-04-28 01:30:00.0000",6.18,67.44,3.19589304924011,5.50312471389771,8.89418601989746
"2024-04-28 01:25:40.0000",,,,,
"2024-04-28 01:40:00.0000",6.06,68.04,2.970858335495,5.24445676803589,11.3294010162354
"2024-04-28 01:42:08.0000",,,,,
"2024-04-28 01:50:00.0000",5.94,69.03,3.30186104774475,5.94497489929199,14.5259790420532
"2024-04-28 02:00:00.0000",5.87,69.67,3.12093830108643,5.7918906211853,17.5794239044189
"2024-04-28 01:59:38.0000",,,,,
"2024-04-28 02:10:00.0000",5.8,70.03,3.27341961860657,6.12037754058838,10.5802268981934
"2024-04-28 02:20:00.0000",5.76,70.95,3.4134886264801,6.37097787857056,11.9366445541382
"2024-04-28 02:30:00.0000",5.73,71.56,3.27549529075623,5.89508628845215,18.7184238433838
"2024-04-28 02:17:08.0000",,,,,
"2024-04-28 02:40:00.0000",5.73,71.4,3.75354433059692,7.08858108520508,14.8616275787354
"2024-04-28 02:35:38.0000",,,,,
"2024-04-28 03:00:00.0000",5.74,71.6,4.17045211791992,7.2733211517334,18.0250988006592
"2024-04-28 02:50:00.0000",5.69,72.01,3.84518265724182,6.06944990158081,14.2312803268433
"2024-04-28 02:52:12.0000",,,,,
"2024-04-28 03:10:00.0000",5.75,71.2,4.14016437530518,7.33815431594849,11.3263082504272
"2024-04-28 03:09:42.0000",,,,,
"2024-04-28 03:20:00.0000",5.8,70.45,3.48241448402405,6.04053163528442,11.0970516204834
"2024-04-28 03:30:00.0000",5.82,69.33,3.45036935806274,6.4183554649353,12.6823806762695
"2024-04-28 03:27:11.0000",,,,,
"2024-04-28 03:40:00.0000",5.8,68.67,4.76698780059814,8.36874294281006,14.0388498306274
"2024-04-28 03:45:37.0000",,,,,
"2024-04-28 03:50:00.0000",5.82,68.25,3.28015208244324,5.49946212768555,10.6445999145508
"2024-04-28 04:00:00.0000",5.8,67.98,3.24388480186462,5.38739824295044,8.69326305389404
"2024-04-28 04:10:00.0000",5.76,68.07,2.83004927635193,4.92643260955811,11.8681154251099
"2024-04-28 04:02:10.0000",,,,,
"2024-04-28 04:20:00.0000",5.77,68.25,2.62658643722534,4.5258526802063,12.3356313705444
"2024-04-28 04:30:00.0000",5.66,69.07,2.39106488227844,3.93781900405884,11.0655641555786
"2024-04-28 04:19:40.0000",,,,,
"2024-04-28 04:40:00.0000",5.68,69.29,2.33438873291016,4.01510334014893,7.88552331924438
"2024-04-28 04:37:09.0000",,,,,
"2024-04-28 04:50:00.0000",5.68,69.53,2.27581763267517,4.02169132232666,7.77225685119629
"2024-04-28 05:00:00.0000",5.75,69.17,2.04517078399658,3.85186862945557,14.1891269683838
"2024-04-28 04:55:40.0000",,,,,
"2024-04-28 05:10:00.0000",5.74,69.23,2.20018935203552,4.29530382156372,10.7788572311401
"2024-04-28 05:12:08.0000",,,,,
"2024-04-28 05:20:00.0000",5.77,69.2,2.07126975059509,3.34153938293457,5.95229578018188
"2024-04-28 05:30:00.0000",5.83,69.38,1.8785297870636,3.47039270401001,6.46882677078247
"2024-04-28 05:29:37.0000",,,,,
"2024-04-28 05:40:00.0000",5.88,69.07,2.0643846988678,3.24774408340454,6.62268924713135
"2024-04-28 05:50:00.0000",5.95,69.4,1.74543023109436,3.18576312065125,6.70037889480591
"2024-04-28 05:47:08.0000",,,,,
"2024-04-28 06:00:00.0000",6.08,69,1.86156213283539,3.58035802841187,9.37333106994629
"2024-04-28 06:10:00.0000",6.21,68.77,1.82223165035248,4.20049524307251,8.66768741607666
"2024-04-28 06:05:40.0000",,,,,
"2024-04-28 06:20:00.0000",6.33,68.46,1.59413480758667,2.81393933296204,6.22706270217896
"2024-04-28 06:30:00.0000",6.49,68.33,1.52685689926147,3.19130206108093,13.8267593383789
"2024-04-28 06:22:07.0000",,,,,
"2024-04-28 06:40:00.0000",6.67,67.78,1.40460646152496,3.01502656936646,7.78895711898804
"2024-04-28 06:39:36.0000",,,,,
"2024-04-28 07:00:00.0000",6.99,66.9,1.13066351413727,2.87261128425598,13.4591751098633
"2024-04-28 06:50:00.0000",6.86,67.44,1.27366411685944,3.1346492767334,14.2629537582397
"2024-04-28 06:57:06.0000",,,,,
"2024-04-28 07:10:00.0000",7.17,66.37,1.09104454517365,3.56418800354004,11.0298585891724
"2024-04-28 07:20:00.0000",7.32,65.23,1.12842583656311,2.95339345932007,9.93749809265137
"2024-04-28 07:15:36.0000",,,,,
"2024-04-28 07:30:00.0000",7.51,64.05,0.863001465797424,2.4074535369873,11.5911865234375
"2024-04-28 07:40:00.0000",7.76,63.46,0.99489551782608,3.13356065750122,20.0592517852783
"2024-04-28 07:32:10.0000",,,,,
"2024-04-28 07:50:00.0000",8.05,62.58,0.867992103099823,3.17885851860046,17.4040393829346
"2024-04-28 08:00:00.0000",8.21,61.7,0.861298203468323,2.96245360374451,11.2937240600586
"2024-04-28 07:49:39.0000",,,,,
"2024-04-28 08:10:00.0000",8.35,61.02,0.84481292963028,3.26123213768005,9.4202184677124
"2024-04-28 08:07:09.0000",,,,,
"2024-04-28 08:30:00.0000",8.71,58.97,0.735671103000641,2.87668251991272,11.0488910675049
"2024-04-28 08:20:00.0000",8.63,60.35,0.884400546550751,3.62272953987122,19.0461311340332
"2024-04-28 08:25:41.0000",,,,,
"2024-04-28 08:40:00.0000",8.94,58.88,0.687555849552155,2.58792686462402,19.3256149291992
"2024-04-28 08:42:07.0000",,,,,
"2024-04-28 08:50:00.0000",9.17,58.24,0.724661529064178,3.54358005523682,13.5517139434814
"2024-04-28 09:00:00.0000",9.31,57.6,0.590138792991638,2.07266426086426,6.05007123947144
"2024-04-28 08:59:39.0000",,,,,
"2024-04-28 09:10:00.0000",9.41,56.85,0.711115837097168,2.7693920135498,20.4024238586426
"2024-04-28 09:20:00.0000",9.54,55.87,0.643432438373566,2.53872513771057,9.28286170959473
"2024-04-28 09:30:00.0000",9.45,55.13,0.611232936382294,2.31126093864441,10.4794111251831
"2024-04-28 09:17:07.0000",,,,,
"2024-04-28 09:40:00.0000",9.37,58.59,0.59723687171936,1.76846778392792,7.62041664123535
"2024-04-28 09:35:38.0000",,,,,
"2024-04-28 09:50:00.0000",9.28,58.66,0.577789306640625,2.14531803131104,6.95618534088135
"2024-04-28 10:00:00.0000",9.25,59.57,0.721439301967621,1.95667123794556,9.43054866790771
"2024-04-28 09:52:07.0000",,,,,
"2024-04-28 10:10:00.0000",9.56,58.36,0.672296941280365,2.93494892120361,8.54769897460938
"2024-04-28 10:09:36.0000",,,,,
"2024-04-28 10:20:00.0000",10.21,56.93,0.582419157028198,1.75111758708954,7.12313175201416
"2024-04-28 10:30:00.0000",10.2,56.91,0.647836327552795,2.87788462638855,18.7204666137695
"2024-04-28 10:27:07.0000",,,,,
"2024-04-28 10:40:00.0000",10.36,56.86,0.649971604347229,3.01739001274109,8.60649394989014
"2024-04-28 10:50:00.0000",10.35,56.98,0.586826920509338,1.9728616476059,6.04574155807495
"2024-04-28 10:45:38.0000",,,,,
"2024-04-28 11:00:00.0000",10.69,56.99,0.760103940963745,3.03880333900452,11.7027883529663
"2024-04-28 10:57:08.0000",,,,,
"2024-04-28 11:10:00.0000",10.94,55.52,0.714625775814056,3.33979821205139,16.8582305908203
"2024-04-28 11:02:06.0000",,,,,
"2024-04-28 11:20:00.0000",10.81,56.71,0.565918564796448,2.51776623725891,7.30011367797852
"2024-04-28 11:30:00.0000",10.59,56.04,0.590784728527069,2.17780900001526,8.77350044250488
"2024-04-28 11:19:41.0000",,,,,
"2024-04-28 11:40:00.0000",10.4,57.27,0.588102340698242,1.95643448829651,5.24576187133789
"2024-04-28 11:37:04.0000",,,,,
"2024-04-28 11:50:00.0000",10.35,57.01,0.564612150192261,2.14322280883789,7.10543203353882
"2024-04-28 12:00:00.0000",10.52,57.9,0.683074414730072,2.32629895210266,6.62562561035156
"2024-04-28 11:55:31.0000",,,,,
"2024-04-28 12:10:00.0000",10.6,56.61,0.644310653209686,2.45238018035889,9.19278812408447
"2024-04-28 12:12:04.0000",,,,,
"2024-04-28 12:20:00.0000",11.03,57.43,0.698089420795441,2.49504423141479,7.2018575668335
"2024-04-28 12:30:00.0000",11.24,55.07,0.581964612007141,2.12205266952515,5.61705160140991
"2024-04-28 12:29:33.0000",,,,,
"2024-04-28 12:40:00.0000",11.11,56.27,0.722749590873718,2.80221080780029,7.15712547302246
"2024-04-28 12:50:00.0000",11.54,56.01,0.545425534248352,2.45290374755859,9.73303031921387
"2024-04-28 13:00:00.0000",11.55,55.96,0.833488881587982,3.10345387458801,14.0083284378052
"2024-04-28 12:47:02.0000",,,,,
"2024-04-28 13:10:00.0000",12.01,55.1,0.608973443508148,3.04719734191895,9.06095790863037
"2024-04-28 13:05:33.0000",,,,,
"2024-04-28 13:30:00.0000",11.81,54.65,0.534214198589325,2.56651043891907,9.93864727020264
"2024-04-28 13:20:00.0000",11.71,55.48,0.722367286682129,3.05197286605835,15.9907569885254
"2024-04-28 13:22:02.0000",,,,,
"2024-04-28 13:40:00.0000",11.74,54.73,0.638309597969055,3.17685532569885,12.3421611785889
"2024-04-28 13:39:38.0000",,,,,
"2024-04-28 14:00:00.0000",11.96,52.43,0.518770396709442,2.51322937011719,7.77294540405273
"2024-04-28 13:50:00.0000",12.16,51.86,0.517864644527435,1.86614394187927,5.01430034637451
"2024-04-28 13:57:07.0000",,,,,
"2024-04-28 14:10:00.0000",12.31,52.25,0.506034255027771,2.29310512542725,8.65003490447998
"2024-04-28 14:20:00.0000",11.79,52.38,0.866180896759033,3.02586960792542,8.60789585113525
"2024-04-28 14:30:00.0000",11.85,53.32,0.484737724065781,2.5599844455719,7.41521549224854
"2024-04-28 14:15:32.0000",,,,,
"2024-04-28 14:40:00.0000",11.61,55.71,0.64139324426651,2.62636089324951,7.41211128234863
"2024-04-28 14:32:04.0000",,,,,
"2024-04-28 14:50:00.0000",11.73,56.55,0.657682716846466,2.24862051010132,7.59932136535645
"2024-04-28 14:49:35.0000",,,,,
"2024-04-28 15:00:00.0000",11.61,55.65,0.648883938789368,2.82671046257019,11.1019916534424
"2024-04-28 15:10:00.0000",11.89,54.45,0.519702136516571,2.54987382888794,9.45598793029785
"2024-04-28 15:07:06.0000",,,,,
"2024-04-28 15:20:00.0000",12.24,53.67,0.495653182268143,2.18564105033875,10.4582805633545
"2024-04-28 15:25:31.0000",,,,,
"2024-04-28 15:30:00.0000",12.4,53.62,0.759983003139496,2.55614709854126,6.77252960205078
"2024-04-28 15:40:00.0000",12.53,53.29,0.562904894351959,2.46462488174438,8.71878623962402
"2024-04-28 15:42:04.0000",,,,,
"2024-04-28 15:50:00.0000",12.87,50.03,0.470334380865097,1.91517508029938,8.53773212432861
"2024-04-28 16:00:00.0000",13.07,49.61,0.46868422627449,2.13671040534973,7.67845582962036
"2024-04-28 15:59:48.0000",,,,,
"2024-04-28 16:10:00.0000",13.26,46.86,0.617964506149292,2.17067313194275,10.0901384353638
"2024-04-28 16:20:00.0000",13.37,46.65,0.5479496717453,2.10636496543884,5.47200536727905
"2024-04-28 16:17:02.0000",,,,,
"2024-04-28 16:30:00.0000",13.66,45.06,0.754821360111237,2.34239864349365,10.4143829345703
"2024-04-28 16:40:00.0000",13.65,43.94,0.467350959777832,1.28454875946045,5.87712144851685
"2024-04-28 16:35:34.0000",,,,,
"2024-04-28 16:50:00.0000",13.62,43.67,0.511139094829559,1.65756011009216,7.05370569229126
"2024-04-28 16:52:03.0000",,,,,
"2024-04-28 17:00:00.0000",13.75,42.69,0.528797507286072,1.59156501293182,4.37792158126831
"2024-04-28 17:10:00.0000",13.95,42.98,0.46575066447258,1.34763324260712,9.0500020980835
"2024-04-28 17:09:32.0000",,,,,
"2024-04-28 17:20:00.0000",14.08,43.23,0.556457877159119,1.79069876670837,5.04607248306274
"2024-04-28 17:27:03.0000",,,,,
"2024-04-28 17:30:00.0000",14.02,43.18,0.718315720558167,2.23895668983459,5.37855005264282
"2024-04-28 17:40:00.0000",13.76,43.78,0.731639623641968,1.85380268096924,6.05459880828857
"2024-04-28 17:50:00.0000",13.66,44.93,0.575677216053009,2.292484998703,6.76731729507446
"2024-04-28 17:45:33.0000",,,,,
"2024-04-28 18:00:00.0000",13.5,44.97,0.552396357059479,1.76251041889191,6.98990917205811
"2024-04-28 18:10:00.0000",12.44,46.74,0.6828533411026,2.29117727279663,7.3123197555542
"2024-04-28 18:02:06.0000",,,,,
"2024-04-28 18:20:00.0000",12.06,48.11,0.553039073944092,1.79188084602356,8.19007015228271
"2024-04-28 18:19:36.0000",,,,,
"2024-04-28 18:30:00.0000",11.7,49.91,0.583658039569855,2.30033922195435,7.43501281738281
"2024-04-28 18:40:00.0000",11.44,51.12,0.790794551372528,2.51304769515991,8.81901931762695
"2024-04-28 18:37:06.0000",,,,,
"2024-04-28 18:50:00.0000",11.38,51.36,0.664841711521149,2.77299380302429,14.627555847168
"2024-04-28 18:55:31.0000",,,,,
"2024-04-28 19:00:00.0000",11.22,51.97,0.76658970117569,2.08701539039612,5.41431188583374
"2024-04-28 19:10:00.0000",11.07,53.05,0.955366790294647,2.40968561172485,10.2763547897339
"2024-04-28 19:12:04.0000",,,,,
"2024-04-28 19:20:00.0000",11.25,53.64,0.86439847946167,2.03831005096436,5.39558362960815
"2024-04-28 19:30:00.0000",11.44,52.15,0.834923505783081,2.16848564147949,5.20153713226318
"2024-04-28 19:29:35.0000",,,,,
"2024-04-28 19:40:00.0000",11.26,49.63,0.838058114051819,2.27028703689575,5.91587734222412
"2024-04-28 19:50:00.0000",10.83,49.85,0.682332098484039,1.65420186519623,5.25119018554688
"2024-04-28 19:47:04.0000",,,,,
"2024-04-28 20:00:00.0000",10.65,51.42,0.713974893093109,1.80255270004272,5.88528251647949
"2024-04-28 20:10:00.0000",10.54,52.81,0.944228231906891,2.50206112861633,7.14850234985352
"2024-04-28 20:05:35.0000",,,,,
"2024-04-28 20:20:00.0000",10.48,52.86,0.725534021854401,2.61937022209167,13.6171998977661
"2024-04-28 20:30:00.0000",10.32,53.23,0.71710079908371,2.02072811126709,5.14476251602173
"2024-04-28 20:22:03.0000",,,,,
"2024-04-28 20:40:00.0000",10.27,53.16,0.805640339851379,2.46462869644165,7.18751382827759
"2024-04-28 20:39:33.0000",,,,,
"2024-04-28 21:00:00.0000",10.19,53.94,0.744403481483459,2.45535349845886,7.75355243682861
"2024-04-28 20:50:00.0000",10.2,53.33,0.693112313747406,1.88406753540039,5.02469873428345
"2024-04-28 20:57:03.0000",,,,,
"2024-04-28 21:10:00.0000",10.14,53.9,0.741605937480927,2.49212908744812,8.20816230773926
"2024-04-28 21:20:00.0000",10.04,54.29,0.828121542930603,2.61577677726746,14.8420944213867
"2024-04-28 21:30:00.0000",10.03,55.31,0.834435403347015,2.56322598457336,7.18480920791626
"2024-04-28 21:15:34.0000",,,,,
"2024-04-28 21:40:00.0000",9.96,56.06,0.813694953918457,3.40309548377991,12.7042398452759
"2024-04-28 21:32:00.0000",,,,,
"2024-04-28 21:50:00.0000",9.94,56.81,0.907119989395142,2.5989396572113,8.17240428924561
"2024-04-28 22:00:00.0000",9.89,57.24,0.953082084655762,4.5972580909729,16.2131175994873
"2024-04-28 21:49:32.0000",,,,,
"2024-04-28 22:10:00.0000",9.83,57.71,0.698713660240173,2.95353674888611,6.35641288757324
"2024-04-28 22:07:05.0000",,,,,
"2024-04-28 22:20:00.0000",9.74,58.15,1.23210859298706,4.66551733016968,16.5266914367676
"2024-04-28 22:30:00.0000",9.68,58.71,0.857476770877838,4.21495056152344,12.1376705169678
"2024-04-28 22:25:32.0000",,,,,
"2024-04-28 22:40:00.0000",9.67,57.89,0.566983759403229,2.83764863014221,7.4902925491333
"2024-04-28 22:42:05.0000",,,,,
"2024-04-28 22:50:00.0000",9.7,58.74,0.665622413158417,3.44190859794617,13.5882625579834
"2024-04-28 23:00:00.0000",9.7,58.29,0.645744323730469,2.8021252155304,8.66512393951416
"2024-04-28 22:59:35.0000",,,,,
"2024-04-28 23:10:00.0000",9.74,58.78,0.678969740867615,3.35226130485535,12.0191679000854
"2024-04-28 23:20:00.0000",9.79,57.42,0.616734623908997,2.77640414237976,6.80089569091797
"2024-04-28 23:30:00.0000",9.88,57.75,0.647288382053375,3.45003080368042,12.9208583831787
"2024-04-28 23:17:03.0000",,,,,
"2024-04-28 23:40:00.0000",9.9,57.35,0.576588749885559,2.86724328994751,10.8239221572876
"2024-04-28 23:35:35.0000",,,,,
"2024-04-28 23:50:00.0000",9.84,57.86,0.599873185157776,2.86540555953979,7.50099945068359
"2024-04-29 00:00:00.0000",9.8,57.94,0.613237082958221,2.89160180091858,7.67127799987793
"2024-04-28 23:52:02.0000",,,,,
"2024-04-29 00:10:00.0000",9.83,57.41,0.676504850387573,2.95823264122009,7.64522647857666
"2024-04-29 00:09:32.0000",,,,,
"2024-04-29 00:20:00.0000",9.84,57.6,0.642797768115997,3.05273580551147,9.37242889404297
"2024-04-29 00:27:02.0000",,,,,
"2024-04-29 00:30:00.0000",9.73,58.21,0.692946970462799,3.84640574455261,16.0543785095215
"2024-04-29 00:40:00.0000",9.52,59.05,0.770661115646362,2.58914017677307,5.90962219238281
"2024-04-29 00:50:00.0000",9.29,59.63,0.790844440460205,3.35801291465759,16.764684677124
"2024-04-29 01:00:00.0000",9.12,60.91,0.972231864929199,3.57914853096008,12.335823059082
"2024-04-29 00:45:29.0000",,,,,
"2024-04-29 01:10:00.0000",9.02,61.28,0.922478318214417,3.66904401779175,12.8816661834717
"2024-04-29 01:02:01.0000",,,,,
"2024-04-29 01:20:00.0000",8.99,61.63,1.00502562522888,2.78662157058716,8.51578712463379
"2024-04-29 01:19:30.0000",,,,,
"2024-04-29 01:30:00.0000",8.97,62.57,0.841423630714417,2.58130717277527,5.96581697463989
"2024-04-29 01:40:00.0000",8.87,63.68,0.975443422794342,3.0042986869812,16.1364212036133
"2024-04-29 01:37:00.0000",,,,,
"2024-04-29 01:50:00.0000",8.85,63.5,0.797003149986267,2.64513635635376,6.59885549545288
"2024-04-29 02:00:00.0000",8.64,65.31,0.733235418796539,2.38480758666992,5.96212863922119
"2024-04-29 01:55:27.0000",,,,,
"2024-04-29 02:10:00.0000",8.62,65.73,0.795807421207428,2.89183187484741,12.4005851745605
"2024-04-29 02:12:00.0000",,,,,
"2024-04-29 02:20:00.0000",8.51,66.06,0.845158278942108,3.97425413131714,10.0947189331055
"2024-04-29 02:30:00.0000",8.53,66.89,0.791020691394806,3.54637455940247,15.620041847229
"2024-04-29 02:29:29.0000",,,,,
"2024-04-29 02:40:00.0000",8.49,67.55,0.903450429439545,4.5892505645752,11.5720281600952
"2024-04-29 02:50:00.0000",8.49,68.07,0.755045413970947,2.96795225143433,6.75096797943115
"2024-04-29 03:00:00.0000",8.47,68.11,0.73450231552124,3.49813604354858,10.6362924575806
"2024-04-29 02:46:58.0000",,,,,
"2024-04-29 03:10:00.0000",8.51,68.76,0.684316456317902,3.01138520240784,8.83883857727051
"2024-04-29 03:05:30.0000",,,,,
"2024-04-29 03:30:00.0000",8.48,70.12,0.84076976776123,3.96583819389343,10.2459945678711
"2024-04-29 03:20:00.0000",8.47,69.46,0.719901502132416,3.33739542961121,9.11255931854248
"2024-04-29 03:21:58.0000",,,,,
"2024-04-29 03:40:00.0000",8.46,69.61,0.830797851085663,3.51362705230713,10.8997793197632
"2024-04-29 03:39:27.0000",,,,,
"2024-04-29 03:50:00.0000",8.44,70.22,0.869748473167419,3.83740925788879,8.21081066131592
"2024-04-29 04:00:00.0000",8.42,71.02,0.82305109500885,3.73485088348389,9.80750846862793
"2024-04-29 03:56:57.0000",,,,,
"2024-04-29 04:10:00.0000",8.4,70.93,0.772984802722931,3.40842938423157,10.3643217086792
"2024-04-29 04:20:00.0000",8.39,70.71,0.760496139526367,4.32668685913086,12.6377077102661
"2024-04-29 04:30:00.0000",8.44,71.29,0.927381932735443,3.36468839645386,7.90585565567017
"2024-04-29 04:15:29.0000",,,,,
"2024-04-29 04:40:00.0000",8.42,70.41,0.891728162765503,4.08079862594604,9.55814266204834
"2024-04-29 04:32:02.0000",,,,,
"2024-04-29 04:50:00.0000",8.48,70.86,0.826199233531952,3.85266089439392,21.2948627471924
"2024-04-29 05:00:00.0000",8.51,71.29,0.734007000923157,3.22704768180847,11.5280199050903
"2024-04-29 04:49:32.0000",,,,,
"2024-04-29 05:10:00.0000",8.56,71.36,0.798646450042725,3.20739984512329,10.8347787857056
"2024-04-29 05:07:01.0000",,,,,
"2024-04-29 05:30:00.0000",8.56,71.49,0.593744874000549,3.55413413047791,10.6879682540894
"2024-04-29 05:20:00.0000",8.51,71.04,0.668515086174011,3.63692617416382,14.5122079849243
"2024-04-29 05:25:26.0000",,,,,
"2024-04-29 05:40:00.0000",8.61,71.73,0.76313453912735,4.18176794052124,15.8404378890991
"2024-04-29 05:42:00.0000",,,,,
"2024-04-29 05:50:00.0000",8.67,71.57,0.705659210681915,3.43553853034973,11.1990308761597
"2024-04-29 06:00:00.0000",8.82,71.66,0.784200847148895,3.11550688743591,7.79934597015381
"2024-04-29 05:59:30.0000",,,,,
"2024-04-29 06:10:00.0000",8.97,72.03,0.795123934745789,3.50189685821533,10.2741441726685
"2024-04-29 06:20:00.0000",9.16,71.81,0.735646188259125,3.19481444358826,16.0938873291016
"2024-04-29 06:17:00.0000",,,,,
"2024-04-29 06:30:00.0000",9.34,71.37,0.759774565696716,3.48213672637939,16.3192710876465
"2024-04-29 06:40:00.0000",9.53,71.13,0.798935830593109,3.5609233379364,13.2183618545532
"2024-04-29 06:35:30.0000",,,,,
"2024-04-29 06:50:00.0000",9.73,70.53,0.900451838970184,3.58235669136047,15.3755207061768
"2024-04-29 07:00:00.0000",9.89,70.29,0.939233005046844,3.59816765785217,14.2137365341187
"2024-04-29 06:51:59.0000",,,,,
"2024-04-29 07:10:00.0000",10,70.09,1.39115703105927,5.40072154998779,16.6023330688477
"2024-04-29 07:09:29.0000",,,,,
"2024-04-29 07:30:00.0000",10.29,69.08,0.96307784318924,4.15664100646973,23.6521511077881
"2024-04-29 07:20:00.0000",10.08,69.51,1.01491057872772,4.35021209716797,14.5826730728149
"2024-04-29 07:26:57.0000",,,,,
"2024-04-29 07:40:00.0000",10.4,68.6,0.910659670829773,3.16754841804504,19.876895904541
"2024-04-29 07:45:30.0000",,,,,
"2024-04-29 07:50:00.0000",10.72,68.53,0.940622448921204,3.81005787849426,10.4203796386719
"2024-04-29 08:00:00.0000",11.1,67.43,0.737272202968597,3.58727359771729,24.0064754486084
"2024-04-29 08:10:00.0000",11.27,66.26,0.718533992767334,3.1616849899292,16.6467018127441
"2024-04-29 08:01:57.0000",,,,,
"2024-04-29 08:20:00.0000",11.16,66.23,0.761403024196625,3.45187258720398,13.734468460083
"2024-04-29 08:30:00.0000",11.23,66.35,0.667736768722534,3.12412357330322,14.5791206359863
"2024-04-29 08:19:29.0000",,,,,
"2024-04-29 08:40:00.0000",11.23,66.22,0.822625815868378,3.68827366828918,17.6699867248535
"2024-04-29 08:37:01.0000",,,,,
"2024-04-29 08:50:00.0000",11.25,66.52,0.850460767745972,4.18055438995361,16.6933307647705
"2024-04-29 09:00:00.0000",11.34,65.88,0.928871035575867,3.90134286880493,10.0903453826904
"2024-04-29 08:55:27.0000",,,,,
"2024-04-29 09:10:00.0000",11.32,66.25,0.799872696399689,3.30390644073486,14.9899520874023
"2024-04-29 09:12:00.0000",,,,,
"2024-04-29 09:20:00.0000",11.39,66.03,1.04043197631836,4.9858570098877,19.7690048217773
"2024-04-29 09:30:00.0000",11.46,65.6,0.83371102809906,3.05546712875366,10.4855222702026
"2024-04-29 09:29:30.0000",,,,,
"2024-04-29 09:40:00.0000",11.44,65.93,0.809919476509094,2.62851762771606,8.18194675445557
"2024-04-29 09:50:00.0000",11.57,65.92,0.867451190948486,3.65333366394043,12.0999660491943
"2024-04-29 10:00:00.0000",11.68,65.45,1.52708947658539,6.00361156463623,28.5378074645996
"2024-04-29 09:47:01.0000",,,,,
"2024-04-29 10:10:00.0000",11.79,65.42,0.738252758979797,3.15655136108398,8.15745258331299
"2024-04-29 10:05:32.0000",,,,,
"2024-04-29 10:20:00.0000",11.93,64.25,0.685232996940613,2.82937908172607,9.84077739715576
"2024-04-29 10:30:00.0000",12.09,63.54,0.595013320446014,2.19883608818054,11.1002511978149
"2024-04-29 10:21:59.0000",,,,,
"2024-04-29 10:40:00.0000",12.21,63.3,0.674780786037445,3.07382130622864,18.0630302429199
"2024-04-29 10:39:29.0000",,,,,
"2024-04-29 10:50:00.0000",12.38,62.68,0.698584139347076,3.23962783813477,14.3357229232788
"2024-04-29 11:00:00.0000",12.33,62.65,0.683241367340088,3.82268261909485,18.7692680358887
"2024-04-29 10:56:57.0000",,,,,
"2024-04-29 10:57:18.0000",,,,,
"2024-04-29 11:10:00.0000",12.42,62.32,0.858400464057922,4.1331353187561,12.1330757141113
"2024-04-29 11:15:29.0000",,,,,
"2024-04-29 11:20:00.0000",12.64,60.25,0.844683051109314,4.55170583724976,22.6846485137939
"2024-04-29 11:30:00.0000",12.62,59.56,0.750746548175812,3.69762325286865,19.8612728118896
"2024-04-29 11:40:00.0000",12.67,59.15,0.579258561134338,3.20762038230896,14.4337778091431
"2024-04-29 11:31:58.0000",,,,,
"2024-04-29 11:50:00.0000",12.87,58.4,0.801918685436249,4.17152976989746,19.0669116973877
"2024-04-29 12:00:00.0000",12.87,59.04,0.769407153129578,3.50216698646545,16.5032615661621
"2024-04-29 11:49:28.0000",,,,,
"2024-04-29 12:10:00.0000",12.91,59.3,1.05853772163391,4.31347894668579,15.8964967727661
"2024-04-29 12:06:56.0000",,,,,
"2024-04-29 12:20:00.0000",13.05,58.68,0.843453466892242,3.47061800956726,20.8947315216064
"2024-04-29 12:30:00.0000",13.05,58.8,1.04270458221436,3.86239981651306,12.2859706878662
"2024-04-29 12:25:29.0000",,,,,
"2024-04-29 12:40:00.0000",13.09,58.85,0.970058679580688,3.84734964370728,9.46414661407471
"2024-04-29 12:41:56.0000",,,,,
"2024-04-29 12:50:00.0000",13.37,57.03,0.785465121269226,2.91494584083557,8.29446792602539
"2024-04-29 13:00:00.0000",13.83,55.26,0.845601201057434,3.72141146659851,12.9307098388672
"2024-04-29 12:59:29.0000",,,,,
"2024-04-29 13:10:00.0000",14.05,54.31,0.656366586685181,2.84562706947327,10.4119415283203
"2024-04-29 13:20:00.0000",13.9,53.96,0.937775075435638,5.02598333358765,21.9897975921631
"2024-04-29 13:30:00.0000",13.67,55.41,0.849969506263733,3.74225401878357,16.5173301696777
"2024-04-29 13:17:01.0000",,,,,
"2024-04-29 13:40:00.0000",13.95,56.62,1.15828275680542,6.6093897819519,26.830265045166
"2024-04-29 13:35:32.0000",,,,,
"2024-04-29 13:50:00.0000",13.79,57.47,0.957770586013794,3.51625394821167,10.5476627349854
"2024-04-29 14:00:00.0000",13.62,57.57,0.950862109661102,4.58600187301636,15.9937191009521
"2024-04-29 13:51:54.0000",,,,,
"2024-04-29 14:10:00.0000",13.98,57.08,0.959684371948242,4.25435590744019,12.8701019287109
"2024-04-29 14:09:23.0000",,,,,
"2024-04-29 14:30:00.0000",13.84,57.26,1.00656175613403,4.04842138290405,10.4917545318604
"2024-04-29 14:20:00.0000",13.88,57.36,1.06257748603821,5.05683517456055,17.6385822296143
"2024-04-29 14:26:53.0000",,,,,
"2024-04-29 14:40:00.0000",13.53,59.91,1.03991425037384,4.11065912246704,12.8874883651733
"2024-04-29 14:45:25.0000",,,,,
"2024-04-29 14:50:00.0000",13.13,63.04,1.08240008354187,4.46027755737305,15.9764862060547
"2024-04-29 15:00:00.0000",12.93,63.39,0.859383583068848,3.37160634994507,9.10518836975098
"2024-04-29 15:10:00.0000",13.01,63.51,0.906801283359528,3.04994320869446,9.12637233734131
"2024-04-29 15:01:54.0000",,,,,
"2024-04-29 15:20:00.0000",12.91,63.46,0.60869175195694,2.62822890281677,10.7035789489746
"2024-04-29 15:30:00.0000",12.77,65.53,1.02778887748718,4.6176700592041,13.5906238555908
"2024-04-29 15:19:27.0000",,,,,
"2024-04-29 15:40:00.0000",12.8,65.71,0.850752115249634,3.67691802978516,12.4191217422485
"2024-04-29 15:36:57.0000",,,,,
"2024-04-29 16:00:00.0000",13.29,64.81,1.06190741062164,5.05124235153198,17.0530281066895
"2024-04-29 15:50:00.0000",13.04,65.75,0.922359049320221,4.08349895477295,14.0792512893677
"2024-04-29 15:55:22.0000",,,,,
"2024-04-29 16:10:00.0000",13.3,63.32,0.863560020923615,3.66549515724182,15.220006942749
"2024-04-29 16:11:56.0000",,,,,
"2024-04-29 16:20:00.0000",13.4,62.31,0.975444674491882,5.3992486000061,13.351170539856
"2024-04-29 16:30:00.0000",13.49,60.7,0.769434928894043,3.94487714767456,9.28002452850342
"2024-04-29 16:29:26.0000",,,,,
"2024-04-29 16:40:00.0000",13.57,60.76,0.724226772785187,3.37679576873779,12.3392810821533
"2024-04-29 16:50:00.0000",13.42,62.01,0.864509105682373,3.8329758644104,8.33398818969727
"2024-04-29 16:46:55.0000",,,,,
"2024-04-29 17:00:00.0000",13.4,62.07,0.884940505027771,3.87564706802368,12.9713144302368
"2024-04-29 17:10:00.0000",13.28,61.83,0.758302450180054,2.78588080406189,10.3020887374878
"2024-04-29 17:05:21.0000",,,,,
"2024-04-29 17:30:00.0000",13.17,62.65,0.902943730354309,3.82254791259766,12.4750471115112
"2024-04-29 17:20:00.0000",13.24,62.3,0.783534944057465,3.06611299514771,10.3221464157104
"2024-04-29 17:21:54.0000",,,,,
"2024-04-29 17:40:00.0000",12.81,64.48,0.761621534824371,3.08949565887451,9.87986946105957
"2024-04-29 17:39:24.0000",,,,,
"2024-04-29 17:50:00.0000",12.53,67.49,0.961212277412415,4.0008282661438,12.0857925415039
"2024-04-29 18:00:00.0000",12.2,70.54,0.938086092472076,3.87164664268494,9.82111644744873
"2024-04-29 17:56:53.0000",,,,,
"2024-04-29 18:10:00.0000",11.8,73,0.935232579708099,4.23239517211914,9.52064418792725
"2024-04-29 18:15:24.0000",,,,,
"2024-04-29 18:20:00.0000",11.47,76.35,1.314821600914,5.27470779418945,13.9894275665283
"2024-04-29 18:30:00.0000",11.21,78.33,1.37288343906403,5.32982969284058,11.686243057251
"2024-04-29 18:40:00.0000",11.02,80.88,1.54802632331848,6.40248489379883,13.2237434387207
"2024-04-29 18:31:54.0000",,,,,
"2024-04-29 18:50:00.0000",10.95,81.54,1.80814051628113,6.85925006866455,15.3177890777588
"2024-04-29 19:00:00.0000",10.93,81.92,1.62633073329926,6.47641038894653,15.7672319412231
"2024-04-29 18:49:23.0000",,,,,
"2024-04-29 19:10:00.0000",10.91,82.17,1.22833168506622,4.80089282989502,16.0969924926758
"2024-04-29 19:06:53.0000",,,,,
"2024-04-29 19:20:00.0000",10.96,81.48,1.1031357049942,5.98716926574707,21.4508514404297
"2024-04-29 19:30:00.0000",10.88,81.73,1.36020541191101,5.32575416564941,13.7722578048706
"2024-04-29 19:25:23.0000",,,,,
"2024-04-29 19:40:00.0000",10.85,82.25,1.89206671714783,7.59413433074951,25.5653381347656
"2024-04-29 19:41:57.0000",,,,,
"2024-04-29 19:50:00.0000",10.8,83.06,1.41575407981873,5.0947093963623,12.8650979995728
"2024-04-29 20:00:00.0000",10.9,83.27,1.21231544017792,4.80234050750732,12.0264711380005
"2024-04-29 19:59:26.0000",,,,,
"2024-04-29 20:10:00.0000",10.99,81.95,1.1155526638031,4.38378810882568,11.974949836731
"2024-04-29 20:20:00.0000",11.06,80.94,0.878528892993927,3.09714078903198,6.36632633209229
"2024-04-29 20:30:00.0000",11.06,81.51,1.04634737968445,3.64852643013,11.256932258606
"2024-04-29 20:16:55.0000",,,,,
"2024-04-29 20:40:00.0000",10.97,81.77,1.3126984834671,4.75508213043213,10.4219579696655
"2024-04-29 20:35:22.0000",,,,,
"2024-04-29 20:50:00.0000",10.91,81.48,1.48100435733795,5.91196870803833,11.2143659591675
"2024-04-29 21:00:00.0000",10.86,81.56,1.38442409038544,5.20717716217041,11.9937257766724
"2024-04-29 20:51:54.0000",,,,,
"2024-04-29 21:10:00.0000",10.83,81.99,1.37497472763062,4.10254526138306,8.13680171966553
"2024-04-29 21:09:25.0000",,,,,
"2024-04-29 21:30:00.0000",10.74,82.39,1.63384234905243,5.16715908050537,11.4689855575562
"2024-04-29 21:20:00.0000",10.8,81.9,1.64610111713409,5.24891424179077,11.9165639877319
"2024-04-29 21:26:53.0000",,,,,
"2024-04-29 21:40:00.0000",10.68,83.36,1.78906965255737,6.06553840637207,11.8418102264404
"2024-04-29 21:50:00.0000",10.63,83.63,1.85301637649536,6.8521614074707,14.7954578399658
"2024-04-29 21:45:25.0000",,,,,
"2024-04-29 22:00:00.0000",10.64,83.67,1.4827835559845,5.3100471496582,11.4146928787231
"2024-04-29 22:10:00.0000",10.67,83.31,1.59190356731415,5.91377592086792,13.0014982223511
"2024-04-29 22:01:54.0000",,,,,
"2024-04-29 22:20:00.0000",10.7,82.33,1.71614122390747,6.36616802215576,10.9976329803467
"2024-04-29 22:30:00.0000",10.68,82.05,1.42368483543396,6.91961288452148,15.9220247268677
"2024-04-29 22:19:22.0000",,,,,
"2024-04-29 22:40:00.0000",10.69,81.57,1.57489442825317,6.91392278671265,13.0944223403931
"2024-04-29 22:36:53.0000",,,,,
"2024-04-29 22:50:00.0000",10.66,81.37,1.40672063827515,6.90771532058716,16.5527572631836
"2024-04-29 23:00:00.0000",10.61,81.37,1.47794842720032,7.08831882476807,14.4965171813965
"2024-04-29 22:55:25.0000",,,,,
"2024-04-29 23:10:00.0000",10.53,80.93,1.4407342672348,6.93864583969116,15.5046052932739
"2024-04-29 23:11:51.0000",,,,,
"2024-04-29 23:20:00.0000",10.54,81.22,1.48032593727112,7.19283390045166,18.5089817047119
"2024-04-29 23:30:00.0000",10.55,80.89,1.47370517253876,7.25123119354248,18.0883293151855
"2024-04-29 23:29:21.0000",,,,,
"2024-04-29 23:40:00.0000",10.59,80.76,1.56283283233643,7.11722135543823,18.4840126037598
"2024-04-29 23:50:00.0000",10.64,80.53,1.46569657325745,7.32243251800537,23.5338001251221
"2024-04-29 23:46:56.0000",,,,,
"2024-04-30 00:00:00.0000",10.67,80.25,1.35491216182709,7.45358610153198,19.8676319122314
"2024-04-30 00:10:00.0000",10.74,79.52,1.35930156707764,5.97950410842896,17.1204967498779
"2024-04-30 00:05:22.0000",,,,,
"2024-04-30 00:20:00.0000",10.81,78.95,1.23904287815094,5.74087524414062,19.4516830444336
"2024-04-30 00:30:00.0000",10.86,78.51,1.29088056087494,5.8195652961731,12.1656866073608
"2024-04-30 00:21:56.0000",,,,,
"2024-04-30 00:40:00.0000",10.91,78.16,1.32055699825287,5.56051158905029,15.167537689209
"2024-04-30 00:39:24.0000",,,,,
"2024-04-30 01:00:00.0000",10.92,77.54,1.1050568819046,5.39530992507935,12.6007232666016
"2024-04-30 00:50:00.0000",10.92,77.68,1.1490364074707,5.51916313171387,17.0355205535889
"2024-04-30 00:56:55.0000",,,,,
"2024-04-30 01:10:00.0000",10.91,77.11,1.17866051197052,5.69329929351807,20.4336833953857
"2024-04-30 01:15:25.0000",,,,,
"2024-04-30 01:20:00.0000",10.91,76.71,1.18761479854584,5.7294921875,12.6365690231323
"2024-04-30 01:30:00.0000",10.98,76.14,1.22854971885681,5.87029075622559,12.4889345169067
"2024-04-30 01:40:00.0000",11.05,75.68,1.15883040428162,5.0347375869751,12.9856748580933
"2024-04-30 01:31:54.0000",,,,,
"2024-04-30 01:50:00.0000",11.08,75.22,1.15904378890991,5.22576141357422,10.9013977050781
"2024-04-30 02:00:00.0000",11.1,74.71,1.13378143310547,5.28740119934082,19.0332565307617
"2024-04-30 01:49:23.0000",,,,,
"2024-04-30 02:10:00.0000",11.14,74.36,1.11959624290466,5.40448474884033,14.2074193954468
"2024-04-30 02:06:53.0000",,,,,
"2024-04-30 02:20:00.0000",11.14,73.95,1.08599758148193,5.3333625793457,19.0202922821045
"2024-04-30 02:30:00.0000",11.15,73.82,1.11400425434113,5.64273309707642,15.3134164810181
"2024-04-30 02:25:23.0000",,,,,
"2024-04-30 02:40:00.0000",11.17,73.8,1.06527411937714,4.33916473388672,8.62066745758057
"2024-04-30 02:41:53.0000",,,,,
"2024-04-30 02:50:00.0000",11.22,73.78,1.09690499305725,5.81414699554443,21.4774684906006
"2024-04-30 03:00:00.0000",11.24,73.16,1.18988931179047,6.07350778579712,18.685094833374
"2024-04-30 02:59:22.0000",,,,,
"2024-04-30 03:10:00.0000",11.27,73.05,1.28436279296875,5.99241399765015,14.905424118042
"2024-04-30 03:20:00.0000",11.27,72.95,1.20320308208466,6.95260095596313,16.0026340484619
"2024-04-30 03:30:00.0000",11.25,73.18,1.28577697277069,6.89226484298706,15.267201423645
"2024-04-30 03:16:53.0000",,,,,
"2024-04-30 03:40:00.0000",11.17,73.23,1.30586099624634,6.61557722091675,15.7602739334106
"2024-04-30 03:35:17.0000",,,,,
"2024-04-30 04:00:00.0000",11.14,72.87,1.39758729934692,6.8295259475708,18.626594543457
"2024-04-30 03:50:00.0000",11.13,73.26,1.3274587392807,6.68680429458618,16.4320907592773
"2024-04-30 03:51:50.0000",,,,,
"2024-04-30 04:10:00.0000",11.11,72.68,1.29102599620819,6.10846996307373,19.5451354980469
"2024-04-30 04:09:21.0000",,,,,
"2024-04-30 04:30:00.0000",10.93,72.73,1.42822647094727,5.90913200378418,19.1990547180176
"2024-04-30 04:20:00.0000",11.04,72.78,1.35040974617004,6.80323791503906,17.6842823028564
"2024-04-30 04:26:50.0000",,,,,
"2024-04-30 04:40:00.0000",10.87,73.27,1.3822500705719,6.2938117980957,16.247163772583
"2024-04-30 04:50:00.0000",10.86,73.13,1.55206286907196,6.84837913513184,28.3242492675781
"2024-04-30 04:45:20.0000",,,,,
"2024-04-30 05:00:00.0000",10.86,73.44,1.42651760578156,6.59845685958862,18.7613048553467
"2024-04-30 05:10:00.0000",10.84,73.61,1.51629877090454,6.57612895965576,14.9974164962769
"2024-04-30 05:01:50.0000",,,,,
"2024-04-30 05:20:00.0000",10.8,73.38,1.57781565189362,6.36258029937744,20.3045597076416
"2024-04-30 05:30:00.0000",10.76,73.21,1.59103631973267,6.1249623298645,20.1103458404541
"2024-04-30 05:19:18.0000",,,,,
"2024-04-30 05:40:00.0000",10.74,72.99,1.54073333740234,5.32593107223511,10.493182182312
"2024-04-30 05:36:47.0000",,,,,
"2024-04-30 05:50:00.0000",10.73,72.81,1.40765976905823,5.3241229057312,14.4152965545654
"2024-04-30 06:00:00.0000",10.81,72.33,1.53163182735443,6.13622331619263,14.6347007751465
"2024-04-30 05:55:19.0000",,,,,
"2024-04-30 06:10:00.0000",10.98,71.6,1.52651464939117,6.61510992050171,20.535041809082
"2024-04-30 06:11:53.0000",,,,,
"2024-04-30 06:20:00.0000",10.99,70.81,1.53312695026398,6.4694995880127,16.3102779388428
"2024-04-30 06:30:00.0000",11,70.31,1.59036552906036,7.11788558959961,19.6082572937012
"2024-04-30 06:29:23.0000",,,,,
"2024-04-30 06:40:00.0000",10.99,70.32,1.7041609287262,6.19462919235229,16.9586544036865
"2024-04-30 06:50:00.0000",10.92,69.83,1.86550343036652,6.64579153060913,14.6784210205078
"2024-04-30 06:46:51.0000",,,,,
"2024-04-30 07:00:00.0000",10.85,69.82,1.79426491260529,5.98130655288696,17.9807910919189
"2024-04-30 07:10:00.0000",10.88,69.84,1.90283596515656,7.16480445861816,21.635139465332
"2024-04-30 07:05:18.0000",,,,,
"2024-04-30 07:20:00.0000",10.92,69.71,1.67195093631744,6.60017871856689,18.3323764801025
"2024-04-30 07:30:00.0000",11.01,69.7,1.80438888072968,6.4503116607666,21.3047485351562
"2024-04-30 07:21:50.0000",,,,,
"2024-04-30 07:40:00.0000",11.03,70.01,1.73802554607391,6.24957609176636,20.1741313934326
"2024-04-30 07:39:19.0000",,,,,
"2024-04-30 07:50:00.0000",11.19,69.74,1.65783298015594,5.38939619064331,21.0884437561035
"2024-04-30 08:00:00.0000",11.3,69.7,1.58194303512573,6.07943725585938,18.5854682922363
"2024-04-30 07:56:50.0000",,,,,
"2024-04-30 08:10:00.0000",11.4,69.64,1.70429790019989,6.73328733444214,19.0153789520264
"2024-04-30 08:15:22.0000",,,,,
"2024-04-30 08:20:00.0000",11.5,69.39,1.96845722198486,7.57017660140991,19.6343326568604
"2024-04-30 08:30:00.0000",11.64,69.46,1.57243478298187,6.43447208404541,18.3940620422363
"2024-04-30 08:40:00.0000",11.78,69.21,1.44376385211945,6.11880922317505,21.5490074157715
"2024-04-30 08:31:48.0000",,,,,
"2024-04-30 08:50:00.0000",11.93,69.16,1.62398982048035,8.10376739501953,30.7440910339355
"2024-04-30 08:49:18.0000",,,,,
"2024-04-30 09:00:00.0000",12.06,68.76,1.47725784778595,6.66978883743286,18.8065071105957
"2024-04-30 09:10:00.0000",12.16,68.72,1.27576303482056,5.7619776725769,16.8130722045898
"2024-04-30 09:06:48.0000",,,,,
"2024-04-30 09:30:00.0000",12.46,68.22,1.15626215934753,4.89185953140259,13.0932760238647
"2024-04-30 09:20:00.0000",12.32,68.26,1.09627437591553,4.79480171203613,27.074951171875
"2024-04-30 09:25:20.0000",,,,,
"2024-04-30 09:40:00.0000",12.66,67.8,1.24160206317902,4.71747732162476,20.6981620788574
"2024-04-30 09:41:48.0000",,,,,
"2024-04-30 09:50:00.0000",12.97,67.2,1.33706510066986,5.00820207595825,12.1244249343872
"2024-04-30 10:00:00.0000",13.23,66.58,1.25503706932068,4.78518772125244,12.0009384155273
"2024-04-30 09:59:18.0000",,,,,
"2024-04-30 10:10:00.0000",13.65,65.43,1.17135035991669,4.74285840988159,15.3445415496826
"2024-04-30 10:20:00.0000",13.95,64.32,1.67717182636261,5.83405828475952,18.223180770874
"2024-04-30 10:16:47.0000",,,,,
"2024-04-30 10:30:00.0000",14.28,63.16,0.892765879631042,3.79831409454346,11.2738742828369
"2024-04-30 10:40:00.0000",14.45,62.37,0.851737141609192,3.51918649673462,11.6791734695435
"2024-04-30 10:35:18.0000",,,,,
"2024-04-30 10:50:00.0000",14.46,61.26,0.760650157928467,4.12841176986694,15.2285041809082
"2024-04-30 11:00:00.0000",14.57,60.55,0.966993510723114,4.05490779876709,13.2113151550293
"2024-04-30 10:51:52.0000",,,,,
"2024-04-30 10:56:49.0000",,,,,
"2024-04-30 11:10:00.0000",14.85,59.59,0.748602569103241,3.46622395515442,17.531810760498
"2024-04-30 11:09:21.0000",,,,,
"2024-04-30 11:20:00.0000",15.16,57.65,0.66048538684845,2.42862725257874,18.7518520355225
"2024-04-30 11:30:00.0000",15.76,56.67,0.775138556957245,3.22028136253357,8.64243221282959
"2024-04-30 11:26:53.0000",,,,,
"2024-04-30 11:40:00.0000",16.24,54.45,0.898916840553284,3.54250645637512,24.0977401733398
"2024-04-30 11:45:22.0000",,,,,
"2024-04-30 11:50:00.0000",16.59,53.17,0.776800751686096,2.61400556564331,16.2662715911865
"2024-04-30 12:00:00.0000",16.57,52.16,0.713588714599609,3.3855345249176,27.8353061676025
"2024-04-30 12:01:49.0000",,,,,
"2024-04-30 12:10:00.0000",16.66,51.21,0.767727315425873,3.48948001861572,13.1682157516479
"2024-04-30 12:20:00.0000",16.39,51.14,0.685760259628296,3.3456723690033,14.3676128387451
"2024-04-30 12:19:18.0000",,,,,
"2024-04-30 12:30:00.0000",16.29,51.29,0.698660433292389,2.83205151557922,8.77986240386963
"2024-04-30 12:40:00.0000",16.62,51.48,0.763552308082581,2.70258593559265,12.7600450515747
"2024-04-30 12:36:49.0000",,,,,
"2024-04-30 13:00:00.0000",17.18,49.42,0.695733308792114,2.5913302898407,16.6925563812256
"2024-04-30 12:50:00.0000",17.04,51.09,0.869415283203125,2.91489672660828,6.83962392807007
"2024-04-30 12:55:20.0000",,,,,
"2024-04-30 13:10:00.0000",17.37,48.44,0.618648409843445,2.44868493080139,11.2071380615234
"2024-04-30 13:11:48.0000",,,,,
"2024-04-30 13:20:00.0000",17.49,47.71,0.821029722690582,3.25469994544983,13.7630882263184
"2024-04-30 13:30:00.0000",17.71,46.07,0.765227615833282,3.36020135879517,25.6397457122803
"2024-04-30 13:29:18.0000",,,,,
"2024-04-30 13:40:00.0000",17.87,43.38,0.558966279029846,2.76090717315674,19.913330078125
"2024-04-30 13:46:47.0000",,,,,
"2024-04-30 13:50:00.0000",18.14,42.05,0.653562486171722,3.09538650512695,27.5612983703613
"2024-04-30 14:00:00.0000",17.92,40,0.495589286088943,2.15710854530334,21.0597438812256
"2024-04-30 14:10:00.0000",17.88,39.86,0.948788106441498,3.66581559181213,9.81156063079834
"2024-04-30 14:05:19.0000",,,,,
"2024-04-30 14:20:00.0000",17.97,39.28,0.664177596569061,3.32810306549072,11.5440645217896
"2024-04-30 14:30:00.0000",18,37.24,0.700631022453308,2.72384858131409,25.5112018585205
"2024-04-30 14:21:48.0000",,,,,
"2024-04-30 14:40:00.0000",18.31,36.62,0.695213735103607,3.27894854545593,22.9665908813477
"2024-04-30 14:39:17.0000",,,,,
"2024-04-30 15:00:00.0000",17.59,36.03,0.643775343894958,2.82714509963989,9.40671920776367
"2024-04-30 14:50:00.0000",18.37,37.32,0.739632308483124,2.34133052825928,10.7127857208252
"2024-04-30 14:56:51.0000",,,,,
"2024-04-30 15:10:00.0000",17.67,36.57,0.617003560066223,2.13214111328125,6.57041549682617
"2024-04-30 15:15:22.0000",,,,,
"2024-04-30 15:20:00.0000",17.87,36.44,0.569793581962585,2.23897790908813,9.89135932922363
"2024-04-30 15:30:00.0000",17.68,36.53,0.540740787982941,2.79978251457214,10.7162666320801
"2024-04-30 15:31:51.0000",,,,,
"2024-04-30 15:40:00.0000",18.03,37.06,0.627293109893799,2.44832968711853,11.4233360290527
"2024-04-30 15:50:00.0000",17.96,36.41,0.433284819126129,2.02056312561035,16.7859764099121
"2024-04-30 15:49:14.0000",,,,,
"2024-04-30 16:00:00.0000",17.72,35.53,0.533794641494751,2.67218899726868,8.16904354095459
"2024-04-30 16:10:00.0000",17.98,35.26,0.567581474781036,2.68073678016663,11.1892423629761
"2024-04-30 16:06:43.0000",,,,,
"2024-04-30 16:20:00.0000",17.82,35.83,0.723112165927887,3.05702948570251,12.3401184082031
"2024-04-30 16:30:00.0000",17.7,36.21,0.474779605865479,2.2238883972168,8.12763977050781
"2024-04-30 16:25:16.0000",,,,,
"2024-04-30 16:40:00.0000",17.53,36.74,0.652068972587585,2.74208235740662,16.4674644470215
"2024-04-30 16:41:43.0000",,,,,
"2024-04-30 16:50:00.0000",17.97,37.16,0.574159443378448,2.27020668983459,8.29796600341797
"2024-04-30 17:00:00.0000",17.59,32.55,0.420634239912033,1.5996298789978,4.91231346130371
"2024-04-30 16:59:17.0000",,,,,
"2024-04-30 17:10:00.0000",17.84,30.32,0.905599355697632,3.04118204116821,15.0870656967163
"2024-04-30 17:20:00.0000",17.66,32.19,0.477571070194244,2.35729312896729,17.1131916046143
"2024-04-30 17:16:46.0000",,,,,
"2024-04-30 17:30:00.0000",17.67,33.52,0.477693498134613,2.21064209938049,10.810715675354
"2024-04-30 17:40:00.0000",17.79,33.6,0.533107340335846,1.94060277938843,10.5045776367188
"2024-04-30 17:35:13.0000",,,,,
"2024-04-30 17:50:00.0000",17.73,33.56,0.433975279331207,1.5701345205307,7.09193277359009
"2024-04-30 18:00:00.0000",17.71,34.74,0.491197645664215,2.14018893241882,7.05963706970215
"2024-04-30 17:51:46.0000",,,,,
"2024-04-30 18:10:00.0000",17.42,35.16,0.476904958486557,2.3014554977417,9.44113731384277
"2024-04-30 18:09:16.0000",,,,,
"2024-04-30 18:20:00.0000",17.23,36.22,0.515322983264923,2.20639252662659,13.2007665634155
"2024-04-30 18:30:00.0000",16.84,36.33,0.468086570501328,2.1650230884552,6.4438910484314
"2024-04-30 18:26:46.0000",,,,,
"2024-04-30 18:40:00.0000",16.47,37.33,0.61809229850769,2.33240485191345,6.51581144332886
"2024-04-30 18:45:13.0000",,,,,
"2024-04-30 18:50:00.0000",16.17,37.32,0.565445423126221,1.98560440540314,5.6222620010376
"2024-04-30 19:00:00.0000",15.98,39.31,0.529296815395355,2.56980204582214,11.3644714355469
"2024-04-30 19:10:00.0000",15.78,40.66,0.591582059860229,2.53252792358398,10.5133094787598
"2024-04-30 19:01:46.0000",,,,,
"2024-04-30 19:20:00.0000",15.6,42.75,0.520345628261566,2.49632906913757,17.3578338623047
"2024-04-30 19:30:00.0000",15.41,44.24,0.538387537002563,2.16042256355286,5.69064855575562
"2024-04-30 19:19:15.0000",,,,,
"2024-04-30 19:40:00.0000",15.25,46.3,0.62181556224823,2.33183026313782,6.02405405044556
"2024-04-30 19:36:45.0000",,,,,
"2024-04-30 19:50:00.0000",15.09,47.38,0.711250424385071,2.36899542808533,8.51441955566406
"2024-04-30 20:00:00.0000",14.92,48.68,1.00876331329346,4.85020685195923,21.399435043335
"2024-04-30 19:55:15.0000",,,,,
"2024-04-30 20:10:00.0000",14.69,49.94,0.754459798336029,2.80119585990906,12.8050050735474
"2024-04-30 20:11:44.0000",,,,,
"2024-04-30 20:20:00.0000",14.51,51.4,0.583521604537964,1.95493638515472,5.58983278274536
"2024-04-30 20:30:00.0000",14.35,52.47,0.657970309257507,3.21003794670105,10.2481498718262
"2024-04-30 20:29:13.0000",,,,,
"2024-04-30 20:40:00.0000",14.16,54.49,0.783754050731659,3.14772415161133,7.6739296913147
"2024-04-30 20:50:00.0000",14.01,56.05,0.760846555233002,3.07131457328796,9.27816104888916
"2024-04-30 20:46:44.0000",,,,,
"2024-04-30 21:00:00.0000",13.85,57.49,0.896587908267975,3.45081400871277,12.8280658721924
"2024-04-30 21:10:00.0000",13.69,58.51,1.0613511800766,3.57220029830933,13.8630304336548
"2024-04-30 21:05:14.0000",,,,,
"2024-04-30 21:20:00.0000",13.67,58.87,0.921707153320312,2.96680355072021,8.60701942443848
"2024-04-30 21:30:00.0000",13.58,59.8,1.00118887424469,3.81283640861511,16.266622543335
"2024-04-30 21:21:46.0000",,,,,
"2024-04-30 21:40:00.0000",13.47,61,1.09354960918427,3.80313515663147,17.2952747344971
"2024-04-30 21:39:17.0000",,,,,
"2024-04-30 21:50:00.0000",13.42,60.94,1.03386497497559,3.42184567451477,15.5750503540039
"2024-04-30 22:00:00.0000",13.31,62.33,0.910456001758575,2.89660024642944,7.09367275238037
"2024-04-30 21:56:47.0000",,,,,
"2024-04-30 22:10:00.0000",13.2,63.17,1.00576901435852,3.44428753852844,11.3192167282104
"2024-04-30 22:20:00.0000",13.01,64.22,0.928486168384552,3.4446108341217,11.3206796646118
"2024-04-30 22:30:00.0000",12.83,65.52,0.833780407905579,2.66888999938965,7.01346778869629
"2024-04-30 22:15:12.0000",,,,,
"2024-04-30 22:40:00.0000",12.62,66.07,0.806770086288452,2.75994968414307,8.0227518081665
"2024-04-30 22:31:45.0000",,,,,
"2024-04-30 22:50:00.0000",12.54,66.04,0.862344205379486,2.25969457626343,6.22257232666016
"2024-04-30 22:49:16.0000",,,,,
"2024-04-30 23:00:00.0000",12.42,66.94,0.726938545703888,2.2584912776947,9.36581611633301
"2024-04-30 23:10:00.0000",12.34,67.16,0.850744545459747,2.60467290878296,9.23532295227051
"2024-04-30 23:06:45.0000",,,,,
"2024-04-30 23:20:00.0000",12.26,67.16,0.905189692974091,2.12914681434631,7.76754570007324
"2024-04-30 23:30:00.0000",12.15,67.89,0.826956808567047,2.09038829803467,5.09757661819458
"2024-04-30 23:25:16.0000",,,,,
"2024-04-30 23:40:00.0000",12.05,68.4,0.864701569080353,1.87507843971252,6.63053798675537
"2024-04-30 23:41:43.0000",,,,,
"2024-04-30 23:50:00.0000",11.97,68.73,1.01265752315521,2.72620534896851,14.272011756897
"2024-04-30 23:59:13.0000",,,,,
"2024-05-01 00:00:00.0000",11.9,70.2,1.0046215057373,2.79038047790527,9.00905227661133
"2024-05-01 00:10:00.0000",11.94,69.08,0.993183672428131,2.26358389854431,6.18321943283081
"2024-05-01 00:20:00.0000",11.94,69.08,0.876788675785065,1.97732353210449,8.16992855072021
"2024-05-01 00:30:00.0000",11.86,69.15,0.725906908512115,1.47731935977936,3.90313196182251
"2024-05-01 00:16:42.0000",,,,,
"2024-05-01 00:40:00.0000",11.82,68.86,0.751384675502777,1.73775482177734,6.39479494094849
"2024-05-01 00:35:14.0000",,,,,
"2024-05-01 01:00:00.0000",11.68,69.16,0.773093044757843,1.61192190647125,11.1397161483765
"2024-05-01 00:50:00.0000",11.79,68.97,0.886470437049866,1.46666657924652,3.75216364860535
"2024-05-01 00:51:42.0000",,,,,
"2024-05-01 01:10:00.0000",11.66,69.85,0.842129945755005,1.58498930931091,4.03032732009888
"2024-05-01 01:09:11.0000",,,,,
"2024-05-01 01:30:00.0000",11.36,72.31,0.592225730419159,1.62958109378815,5.31636428833008
"2024-05-01 01:20:00.0000",11.58,70.94,0.79708456993103,1.60772705078125,5.86086511611938
"2024-05-01 01:26:42.0000",,,,,
"2024-05-01 01:40:00.0000",10.82,74.64,0.929346144199371,1.4838342666626,4.64738941192627
"2024-05-01 01:45:12.0000",,,,,
"2024-05-01 01:50:00.0000",10.61,75.68,0.896509230136871,2.10729837417603,6.38756561279297
"2024-05-01 02:00:00.0000",10.46,76.79,0.834977269172668,1.71349215507507,4.71253108978271
"2024-05-01 02:10:00.0000",10.36,75.96,0.419088423252106,0.571851193904877,2.76468658447266
"2024-05-01 02:01:45.0000",,,,,
"2024-05-01 02:20:00.0000",10.4,75.41,0.44562903046608,0.755018591880798,2.94708442687988
"2024-05-01 02:19:15.0000",,,,,
"2024-05-01 02:30:00.0000",10.43,74.89,0.448715627193451,0.802322685718536,3.12542581558228
"2024-05-01 02:40:00.0000",10.4,74.17,0.422286510467529,0.898308396339417,3.87603950500488
"2024-05-01 02:36:45.0000",,,,,
"2024-05-01 02:50:00.0000",10.4,74.12,0.425621271133423,0.688117861747742,8.5926628112793
"2024-05-01 03:00:00.0000",10.47,74.27,0.438716262578964,0.89871346950531,3.44678449630737
"2024-05-01 02:55:16.0000",,,,,
"2024-05-01 03:10:00.0000",10.55,74.66,0.483563929796219,0.800814568996429,3.04037141799927
"2024-05-01 03:11:43.0000",,,,,
"2024-05-01 03:20:00.0000",10.58,74.71,0.579180896282196,0.83925861120224,8.43987274169922
"2024-05-01 03:30:00.0000",10.67,75.34,0.660542190074921,1.12283885478973,3.53376936912537
"2024-05-01 03:29:14.0000",,,,,
"2024-05-01 03:40:00.0000",10.71,75.52,0.539753496646881,0.925743460655212,3.55756735801697
"2024-05-01 03:50:00.0000",10.63,75.64,0.571953594684601,1.00655055046082,3.3424072265625
"2024-05-01 04:00:00.0000",10.58,75.52,0.585623860359192,0.85289067029953,5.21459770202637
"2024-05-01 03:46:43.0000",,,,,
"2024-05-01 04:10:00.0000",10.59,75.57,0.628463506698608,1.12928402423859,5.18901586532593
"2024-05-01 04:05:14.0000",,,,,
"2024-05-01 04:20:00.0000",10.54,75.7,0.808978617191315,1.31434381008148,4.69939184188843
"2024-05-01 04:30:00.0000",10.48,75.3,0.929151237010956,1.44368779659271,6.06515741348267
"2024-05-01 04:21:43.0000",,,,,
"2024-05-01 04:40:00.0000",10.42,75.52,1.10135805606842,1.59400808811188,4.15553188323975
"2024-05-01 04:39:12.0000",,,,,
"2024-05-01 04:50:00.0000",10.42,75.92,1.10695588588715,1.79778158664703,4.25278043746948
"2024-05-01 05:00:00.0000",10.48,76.43,1.04634785652161,1.70651686191559,5.60518026351929
"2024-05-01 04:56:42.0000",,,,,
"2024-05-01 05:10:00.0000",10.53,76.97,1.12005221843719,1.70970666408539,3.99781394004822
"2024-05-01 05:15:08.0000",,,,,
"2024-05-01 05:20:00.0000",10.52,76.71,1.17670655250549,1.78124916553497,4.25334978103638
"2024-05-01 05:30:00.0000",10.56,76.91,1.20996582508087,1.76087117195129,5.43019247055054
"2024-05-01 05:40:00.0000",10.65,76.82,1.47119998931885,2.02172017097473,4.2526969909668
"2024-05-01 05:31:42.0000",,,,,
"2024-05-01 05:50:00.0000",10.74,76.7,1.62039935588837,2.5088906288147,15.535083770752
"2024-05-01 05:49:11.0000",,,,,
"2024-05-01 06:00:00.0000",10.83,76.62,1.79319775104523,2.71944427490234,6.4293065071106
"2024-05-01 06:10:00.0000",11.01,76.33,1.85857200622559,2.89397168159485,9.88872814178467
"2024-05-01 06:06:39.0000",,,,,
"2024-05-01 06:20:00.0000",11.1,76.17,1.87586164474487,2.7586727142334,5.8398003578186
"2024-05-01 06:30:00.0000",11.16,75.82,1.658766746521,2.74716019630432,5.6243748664856
"2024-05-01 06:25:06.0000",,,,,
"2024-05-01 06:40:00.0000",11.22,75.36,1.66279101371765,2.31523156166077,4.5997200012207
"2024-05-01 06:41:39.0000",,,,,
"2024-05-01 06:50:00.0000",11.42,75.2,1.61382973194122,2.24965715408325,4.51745080947876
"2024-05-01 07:00:00.0000",11.54,74.65,1.6772221326828,2.50149488449097,5.13861465454102
"2024-05-01 06:59:08.0000",,,,,
"2024-05-01 07:10:00.0000",11.93,74.43,2.10917973518372,3.72205018997192,9.61540699005127
"2024-05-01 07:20:00.0000",12.21,72.71,2.04849815368652,4.32790231704712,13.7527475357056
"2024-05-01 07:16:39.0000",,,,,
"2024-05-01 07:30:00.0000",11.89,71.8,1.26882898807526,1.98455834388733,4.67378091812134
"2024-05-01 07:40:00.0000",12.05,72.2,1.75664818286896,2.67214155197144,7.79740619659424
"2024-05-01 07:35:09.0000",,,,,
"2024-05-01 08:00:00.0000",12.55,70.83,1.4437540769577,2.83359885215759,7.18567085266113
"2024-05-01 07:50:00.0000",12.31,71.8,1.51879990100861,2.76558065414429,12.2653751373291
"2024-05-01 07:51:38.0000",,,,,
"2024-05-01 08:10:00.0000",12.76,70.01,1.29518210887909,2.33136677742004,7.86312675476074
"2024-05-01 08:09:12.0000",,,,,
"2024-05-01 08:30:00.0000",12.54,68.73,2.1836268901825,4.13826513290405,11.1897068023682
"2024-05-01 08:20:00.0000",12.59,69.12,1.63647246360779,2.84182119369507,8.08505344390869
"2024-05-01 08:26:42.0000",,,,,
"2024-05-01 08:40:00.0000",12.55,68.04,1.79517233371735,3.13265752792358,6.12650871276855
"2024-05-01 08:45:08.0000",,,,,
"2024-05-01 08:50:00.0000",12.85,67.85,1.95566034317017,3.61732149124146,9.07408809661865
"2024-05-01 09:00:00.0000",13.31,66.16,1.95624351501465,4.32854461669922,14.0526113510132
"2024-05-01 09:10:00.0000",13.37,65.55,2.99650526046753,7.35594415664673,26.7068672180176
"2024-05-01 09:01:41.0000",,,,,
"2024-05-01 09:20:00.0000",13.84,65.73,2.65680360794067,5.29479694366455,13.5332384109497
"2024-05-01 09:30:00.0000",13.92,63.35,2.31541061401367,4.02999210357666,8.60258769989014
"2024-05-01 09:19:12.0000",,,,,
"2024-05-01 09:40:00.0000",14.28,62.83,2.81550312042236,4.23808908462524,8.94232559204102
"2024-05-01 09:36:40.0000",,,,,
"2024-05-01 10:00:00.0000",14.68,60.73,2.06586503982544,3.32338070869446,14.7214279174805
"2024-05-01 09:50:00.0000",14.5,61.93,2.81108093261719,4.92005348205566,14.5821580886841
"2024-05-01 09:55:06.0000",,,,,
"2024-05-01 10:10:00.0000",14.66,61.39,2.49144601821899,4.19295167922974,8.81923294067383
"2024-05-01 10:11:40.0000",,,,,
"2024-05-01 10:20:00.0000",15.44,59.82,2.01728415489197,3.70847034454346,7.79129028320312
"2024-05-01 10:30:00.0000",15.94,58.18,1.72752487659454,3.85819053649902,11.7803554534912
"2024-05-01 10:29:09.0000",,,,,
"2024-05-01 10:40:00.0000",15.96,54.94,1.80113899707794,3.83891129493713,9.29127788543701
"2024-05-01 10:46:39.0000",,,,,
"2024-05-01 10:50:00.0000",16.05,55.7,1.91752374172211,3.85036826133728,12.6071071624756
"2024-05-01 11:00:00.0000",16.47,54.88,2.42839312553406,4.63246726989746,12.2478084564209
"2024-05-01 10:56:39.0000",,,,,
"2024-05-01 11:10:00.0000",17.29,52.8,1.75584518909454,3.30191874504089,8.14140129089355
"2024-05-01 11:05:10.0000",,,,,
"2024-05-01 11:20:00.0000",17.31,52.07,2.4073486328125,4.25023651123047,8.55903148651123
"2024-05-01 11:30:00.0000",18.66,51.12,2.03965711593628,4.09531784057617,11.025351524353
"2024-05-01 11:21:41.0000",,,,,
"2024-05-01 11:40:00.0000",18.11,50.04,3.029141664505,5.15399694442749,10.310037612915
"2024-05-01 11:39:07.0000",,,,,
"2024-05-01 11:50:00.0000",18.96,50.49,2.20988750457764,3.96678757667542,26.0752353668213
"2024-05-01 12:00:00.0000",18.27,48.72,2.0999538898468,3.86358141899109,9.48727321624756
"2024-05-01 11:56:37.0000",,,,,
"2024-05-01 12:10:00.0000",17.95,49.33,2.75505232810974,4.86379671096802,11.0229272842407
"2024-05-01 12:15:08.0000",,,,,
"2024-05-01 12:20:00.0000",17.34,51.11,2.99973440170288,4.41142988204956,7.7089729309082
"2024-05-01 12:30:00.0000",17.61,52.81,2.81917119026184,5.42486476898193,14.4091854095459
"2024-05-01 12:40:00.0000",18.05,51.76,2.78606271743774,4.60611534118652,7.84104013442993
"2024-05-01 12:31:42.0000",,,,,
"2024-05-01 12:50:00.0000",17.78,51.5,3.49840402603149,6.26629543304443,15.3147125244141
"2024-05-01 13:00:00.0000",17.58,51.39,3.6862325668335,5.93118810653687,13.1862554550171
"2024-05-01 12:49:11.0000",,,,,
"2024-05-01 13:10:00.0000",17.58,52.09,3.81026983261108,5.81233263015747,9.01267528533936
"2024-05-01 13:06:40.0000",,,,,
"2024-05-01 13:20:00.0000",18.03,51.98,3.20544457435608,5.58865070343018,18.639799118042
"2024-05-01 13:30:00.0000",18.9,49.97,3.56422877311707,6.66218042373657,11.7052431106567
"2024-05-01 13:25:08.0000",,,,,
"2024-05-01 13:40:00.0000",19.88,48.26,3.40119814872742,5.98190975189209,11.4033136367798
"2024-05-01 13:41:39.0000",,,,,
"2024-05-01 13:50:00.0000",19.78,46.7,2.88352942466736,5.06513118743896,11.4902563095093
"2024-05-01 14:00:00.0000",19.96,46.89,3.33975672721863,5.559485912323,9.47077941894531
"2024-05-01 13:59:10.0000",,,,,
"2024-05-01 14:10:00.0000",19.31,47.61,4.94458198547363,8.47481441497803,16.6888694763184
"2024-05-01 14:16:40.0000",,,,,
"2024-05-01 14:20:00.0000",20.09,45.93,1.55680549144745,2.65005731582642,9.88516807556152
"2024-05-01 14:30:00.0000",19.08,48.31,2.39717698097229,4.68995141983032,15.4791126251221
"2024-05-01 14:40:00.0000",18.62,51.54,3.21984624862671,5.20612049102783,14.3066873550415
"2024-05-01 14:35:09.0000",,,,,
"2024-05-01 15:00:00.0000",17.48,51.45,5.60367584228516,11.0555458068848,21.1214981079102
"2024-05-01 14:50:00.0000",18.5,51.43,4.63978338241577,7.5518741607666,17.8767032623291
"2024-05-01 14:51:38.0000",,,,,
"2024-05-01 15:10:00.0000",17.18,52.41,3.62822270393372,6.97555112838745,22.6467590332031
"2024-05-01 15:09:09.0000",,,,,
"2024-05-01 15:30:00.0000",17.43,51.31,2.14644360542297,3.84611558914185,8.12094783782959
"2024-05-01 15:20:00.0000",17.06,51.09,2.45561218261719,4.09266138076782,17.6137027740479
"2024-05-01 15:26:38.0000",,,,,
"2024-05-01 15:40:00.0000",17.49,51.6,2.57476258277893,5.02986669540405,16.4314975738525
"2024-05-01 15:45:08.0000",,,,,
"2024-05-01 15:50:00.0000",17.71,51.45,3.15228176116943,5.02407836914062,13.5455770492554
"2024-05-01 16:00:00.0000",18.1,51.01,4.04402446746826,6.4277195930481,12.4393129348755
"2024-05-01 16:01:37.0000",,,,,
"2024-05-01 16:10:00.0000",18.46,50.64,5.13474655151367,7.83772325515747,18.0450420379639
"2024-05-01 16:20:00.0000",17.8,50.73,3.51566052436829,5.54092645645142,13.1293363571167
"2024-05-01 16:30:00.0000",16.8,53.51,4.2678370475769,6.51975679397583,11.1918821334839
"2024-05-01 16:19:06.0000",,,,,
"2024-05-01 16:40:00.0000",16.35,55.24,4.80585479736328,9.21495246887207,25.6534614562988
"2024-05-01 16:36:37.0000",,,,,
"2024-05-01 16:50:00.0000",15.74,56.05,3.36461997032166,5.10900211334229,26.181510925293
"2024-05-01 17:00:00.0000",15.5,60.41,5.42747449874878,7.87742853164673,13.870078086853
"2024-05-01 16:55:08.0000",,,,,
"2024-05-01 17:10:00.0000",15.57,61.19,5.44428062438965,8.64022254943848,14.4207830429077
"2024-05-01 17:11:40.0000",,,,,
"2024-05-01 17:20:00.0000",15.43,60.55,4.11081027984619,7.65275049209595,22.2809505462646
"2024-05-01 17:30:00.0000",15.32,58.2,2.28556537628174,4.01017713546753,10.2954740524292
"2024-05-01 17:29:09.0000",,,,,
"2024-05-01 17:40:00.0000",14.66,60.46,3.36565375328064,5.51731777191162,11.0721282958984
"2024-05-01 17:46:38.0000",,,,,
"2024-05-01 17:50:00.0000",14.44,61.07,3.19791865348816,6.08099937438965,14.2735614776611
"2024-05-01 18:00:00.0000",14.37,62.04,2.84456849098206,5.43234062194824,10.3164043426514
"2024-05-01 18:10:00.0000",14.12,63.76,2.46787071228027,5.50992488861084,16.7196407318115
"2024-05-01 18:05:06.0000",,,,,
"2024-05-01 18:20:00.0000",13.82,65.4,3.22049188613892,6.38349199295044,14.8750066757202
"2024-05-01 18:30:00.0000",13.61,66.1,2.89200401306152,6.12628555297852,15.432900428772
"2024-05-01 18:21:34.0000",,,,,
"2024-05-01 18:40:00.0000",13.7,63.71,2.73166060447693,4.81454181671143,8.04648876190186
"2024-05-01 18:39:04.0000",,,,,
"2024-05-01 19:00:00.0000",13.45,65.87,3.45030474662781,7.04071140289307,19.2716293334961
"2024-05-01 18:50:00.0000",13.63,64.51,2.52598547935486,5.44401264190674,17.108211517334
"2024-05-01 18:56:37.0000",,,,,
"2024-05-01 19:10:00.0000",13.51,63.68,4.30824756622314,7.23777437210083,21.1267147064209
"2024-05-01 19:15:05.0000",,,,,
"2024-05-01 19:20:00.0000",13.42,63.68,4.43899250030518,9.21680641174316,32.3403434753418
"2024-05-01 19:30:00.0000",13.32,66.42,4.21926355361938,7.17080068588257,13.9295263290405
"2024-05-01 19:31:38.0000",,,,,
"2024-05-01 19:40:00.0000",12.76,71.2,5.48670387268066,10.9817066192627,27.1351375579834
"2024-05-01 19:50:00.0000",12.31,74.67,6.0783748626709,11.8444423675537,21.5299510955811
"2024-05-01 19:49:06.0000",,,,,
"2024-05-01 20:00:00.0000",11.98,77.28,6.95682287216187,12.3669242858887,25.0678997039795
"2024-05-01 20:10:00.0000",11.97,78.1,7.04730892181396,11.9256944656372,21.673152923584
"2024-05-01 20:06:36.0000",,,,,
"2024-05-01 20:20:00.0000",11.9,78.36,7.14895009994507,12.7143259048462,30.0776958465576
"2024-05-01 20:30:00.0000",11.89,77.84,5.39708805084229,12.3239908218384,31.9641284942627
"2024-05-01 20:25:01.0000",,,,,
"2024-05-01 20:40:00.0000",11.89,77.36,3.89704561233521,8.51260375976562,19.7285652160645
"2024-05-01 20:41:35.0000",,,,,
"2024-05-01 20:50:00.0000",11.85,76.3,2.97994995117188,7.59025621414185,24.8695812225342
"2024-05-01 21:00:00.0000",11.73,75.85,2.7021472454071,7.28816604614258,17.9942169189453
"2024-05-01 20:59:04.0000",,,,,
"2024-05-01 21:10:00.0000",11.58,75.61,2.76860523223877,7.19850873947144,17.9280242919922
"2024-05-01 21:20:00.0000",11.41,77.03,3.32164597511292,7.27418613433838,13.3563747406006
"2024-05-01 21:30:00.0000",11.4,77.78,3.49015021324158,7.44283580780029,14.17933177948
"2024-05-01 21:16:35.0000",,,,,
"2024-05-01 21:40:00.0000",11.45,78.01,3.36720156669617,7.06759881973267,16.4699745178223
"2024-05-01 21:35:05.0000",,,,,
"2024-05-01 21:50:00.0000",11.4,78.07,3.96558284759521,8.7444953918457,18.1610927581787
"2024-05-01 22:00:00.0000",11.3,78.87,4.45536231994629,9.08669948577881,20.8760986328125
"2024-05-01 21:51:34.0000",,,,,
"2024-05-01 22:10:00.0000",11.19,79.34,4.70472097396851,9.88366889953613,18.9766178131104
"2024-05-01 22:09:04.0000",,,,,
"2024-05-01 22:20:00.0000",11,80.93,5.11988353729248,10.4816265106201,22.8487777709961
"2024-05-01 22:30:00.0000",10.91,81.61,5.42181539535522,11.2466135025024,25.8784713745117
"2024-05-01 22:26:33.0000",,,,,
"2024-05-01 22:40:00.0000",10.82,83.18,5.85385751724243,11.603702545166,24.7729396820068
"2024-05-01 22:45:05.0000",,,,,
"2024-05-01 22:50:00.0000",10.8,83.51,6.20261478424072,11.9963521957397,21.4309997558594
"2024-05-01 23:00:00.0000",10.8,82.96,6.95753383636475,13.4145660400391,26.3663291931152
"2024-05-01 23:10:00.0000",10.82,82.72,7.19518661499023,13.8871850967407,27.2590103149414
"2024-05-01 23:01:32.0000",,,,,
"2024-05-01 23:20:00.0000",10.75,83.28,7.48442268371582,14.2859621047974,31.530460357666
"2024-05-01 23:19:06.0000",,,,,
"2024-05-01 23:30:00.0000",10.61,84.07,7.688880443573,15.7917490005493,31.0179424285889
"2024-05-01 23:40:00.0000",10.56,84.15,6.52532339096069,13.5610237121582,33.2081527709961
"2024-05-01 23:36:38.0000",,,,,
"2024-05-01 23:50:00.0000",10.64,84.29,5.91595029830933,14.2164974212646,25.9033756256104
"2024-05-02 00:00:00.0000",10.71,84.14,4.94958877563477,12.1993751525879,30.246732711792
"2024-05-01 23:55:03.0000",,,,,
"2024-05-02 00:10:00.0000",10.73,84.17,4.94454145431519,11.4827814102173,24.4326648712158
"2024-05-02 00:11:35.0000",,,,,
"2024-05-02 00:20:00.0000",10.74,84.17,6.37408113479614,14.6691970825195,27.1414108276367
"2024-05-02 00:30:00.0000",10.8,84.21,6.6471266746521,15.1461706161499,28.8315906524658
"2024-05-02 00:29:05.0000",,,,,
"2024-05-02 00:40:00.0000",10.75,83.5,5.48902273178101,12.9759578704834,27.243631362915
"2024-05-02 00:46:34.0000",,,,,
"2024-05-02 00:50:00.0000",10.69,83.09,5.79382991790771,13.1293334960938,31.5773162841797
"2024-05-02 01:00:00.0000",10.7,83.44,4.87505483627319,11.4363679885864,22.7550106048584
"2024-05-02 01:10:00.0000",10.58,82.96,3.21625351905823,7.60735940933228,18.6398181915283
"2024-05-02 01:20:00.0000",10.55,83.39,2.99303483963013,7.02873611450195,19.0067768096924
"2024-05-02 01:05:07.0000",,,,,
"2024-05-02 01:21:33.0000",,,,,
"2024-05-02 01:30:00.0000",10.56,82.29,2.3184711933136,7.06536102294922,16.2478866577148
"2024-05-02 01:40:00.0000",10.59,82.2,3.72968125343323,9.11190986633301,19.6902446746826
"2024-05-02 01:39:04.0000",,,,,
"2024-05-02 02:00:00.0000",10.63,82.81,5.05675840377808,11.9821319580078,25.4176788330078
"2024-05-02 01:50:00.0000",10.62,82.8,5.46093416213989,12.0809812545776,22.9721603393555
"2024-05-02 01:56:34.0000",,,,,
"2024-05-02 02:10:00.0000",10.54,82.76,3.51102709770203,9.94227027893066,22.4299869537354
"2024-05-02 02:15:05.0000",,,,,
"2024-05-02 02:20:00.0000",10.58,82.72,3.86666178703308,11.656888961792,25.2692832946777
"2024-05-02 02:30:00.0000",10.66,82.79,4.20172595977783,11.2190809249878,24.0942211151123
"2024-05-02 02:31:32.0000",,,,,
"2024-05-02 02:40:00.0000",10.72,83.41,3.84531664848328,11.7316360473633,29.722864151001
"2024-05-02 02:50:00.0000",10.81,83.25,3.900634765625,11.2631216049194,34.0768623352051
"2024-05-02 02:49:03.0000",,,,,
"2024-05-02 03:00:00.0000",10.84,83.15,4.30234050750732,12.77099609375,28.7199001312256
"2024-05-02 03:10:00.0000",10.88,83.5,4.77911138534546,13.3458995819092,33.6795997619629
"2024-05-02 03:06:32.0000",,,,,
"2024-05-02 03:20:00.0000",10.83,84.02,5.60011053085327,15.5352897644043,34.7719650268555
"2024-05-02 03:30:00.0000",10.86,84.6,6.29368305206299,17.1174697875977,39.9956474304199
"2024-05-02 03:25:03.0000",,,,,
"2024-05-02 03:40:00.0000",10.86,85.12,7.6982307434082,20.2120590209961,47.3068885803223
"2024-05-02 03:41:37.0000",,,,,
"2024-05-02 03:50:00.0000",10.91,85.77,9.85310077667236,23.9947242736816,55.641544342041
"2024-05-02 04:00:00.0000",11.01,86.02,10.773060798645,25.3854694366455,51.8313903808594
"2024-05-02 03:59:06.0000",,,,,
"2024-05-02 04:10:00.0000",11.06,85.21,11.2795448303223,25.1956806182861,56.8462715148926
"2024-05-02 04:16:35.0000",,,,,
"2024-05-02 04:20:00.0000",11.11,85.51,12.358998298645,28.2479591369629,52.7779312133789
"2024-05-02 04:30:00.0000",11.01,85.14,14.1742782592773,32.7332611083984,64.5622940063477
"2024-05-02 04:40:00.0000",10.8,85.17,11.0940465927124,28.0414581298828,53.1127243041992
"2024-05-02 04:35:07.0000",,,,,
"2024-05-02 05:00:00.0000",10.68,85.52,14.2464656829834,29.7943115234375,55.0833854675293
"2024-05-02 04:50:00.0000",10.7,85.82,12.4999923706055,28.7797546386719,57.6986236572266
"2024-05-02 04:51:34.0000",,,,,
"2024-05-02 05:10:00.0000",10.73,85.36,14.9070720672607,26.0545825958252,48.6300582885742
"2024-05-02 05:09:03.0000",,,,,
"2024-05-02 05:20:00.0000",10.83,85.04,14.955117225647,25.6587944030762,47.7300758361816
"2024-05-02 05:30:00.0000",11,84.39,11.8769550323486,17.5615577697754,24.3155689239502
"2024-05-02 05:26:34.0000",,,,,
"2024-05-02 05:40:00.0000",11.16,83.45,11.9861068725586,18.8554248809814,33.1789932250977
"2024-05-02 05:45:05.0000",,,,,
"2024-05-02 05:50:00.0000",11.26,82.44,11.1001052856445,17.9588108062744,30.9456787109375
"2024-05-02 06:00:00.0000",11.42,81.2,11.4732484817505,17.3906211853027,26.2724685668945
"2024-05-02 06:01:33.0000",,,,,
"2024-05-02 06:10:00.0000",11.49,80.22,10.9546785354614,16.7311134338379,26.0661506652832
"2024-05-02 06:20:00.0000",11.61,79.38,10.2153654098511,16.4947376251221,30.2535076141357
"2024-05-02 06:30:00.0000",11.77,78.53,10.2547340393066,15.1889324188232,22.3934288024902
"2024-05-02 06:19:02.0000",,,,,
"2024-05-02 06:40:00.0000",11.93,77.51,10.0371799468994,15.8540859222412,26.4338207244873
"2024-05-02 06:36:32.0000",,,,,
"2024-05-02 06:50:00.0000",12.13,76.86,9.36657428741455,14.3570566177368,20.9937839508057
"2024-05-02 07:00:00.0000",12.31,75.88,8.75005435943604,13.3840417861938,21.3366413116455
"2024-05-02 06:55:13.0000",,,,,
"2024-05-02 07:10:00.0000",12.54,75.43,8.90805053710938,14.640811920166,40.6970748901367
"2024-05-02 07:11:31.0000",,,,,
"2024-05-02 07:20:00.0000",12.77,74.13,7.86614847183228,12.080096244812,25.3202667236328
"2024-05-02 07:30:00.0000",12.9,73.48,7.69691276550293,13.7093772888184,26.8815116882324
"2024-05-02 07:29:00.0000",,,,,
"2024-05-02 07:40:00.0000",13.04,72.84,7.92514801025391,14.3271141052246,59.2411231994629
"2024-05-02 07:46:30.0000",,,,,
"2024-05-02 07:50:00.0000",13.23,72.22,7.45107269287109,11.8353824615479,27.1241073608398
"2024-05-02 08:00:00.0000",13.52,71.91,7.62121438980103,13.5853109359741,43.2094078063965
"2024-05-02 08:10:00.0000",13.83,71.27,7.89337635040283,13.6808090209961,31.0162944793701
"2024-05-02 08:04:56.0000",,,,,
"2024-05-02 08:20:00.0000",14.23,70.78,8.19323539733887,15.527626991272,38.0809173583984
"2024-05-02 08:30:00.0000",14.67,69.49,6.80714559555054,11.8345260620117,22.1825714111328
"2024-05-02 08:21:29.0000",,,,,
"2024-05-02 08:40:00.0000",15.11,68.03,6.70786666870117,10.5010414123535,35.5495262145996
"2024-05-02 08:38:59.0000",,,,,
"2024-05-02 08:50:00.0000",15.51,66.36,6.33278369903564,10.840989112854,22.8827610015869
"2024-05-02 09:00:00.0000",15.71,64.97,6.5271110534668,10.3498296737671,27.9523277282715
"2024-05-02 08:56:29.0000",,,,,
"2024-05-02 09:10:00.0000",15.7,62.92,7.21380472183228,12.7908334732056,34.2137107849121
"2024-05-02 09:14:59.0000",,,,,
"2024-05-02 09:20:00.0000",15.94,63.95,7.26974201202393,13.4996509552002,30.6217575073242
"2024-05-02 09:30:00.0000",16.59,61.72,5.23414421081543,10.9580144882202,25.6517486572266
"2024-05-02 09:31:28.0000",,,,,
"2024-05-02 09:40:00.0000",17.1,59.75,5.15000009536743,12.3215389251709,30.4447479248047
"2024-05-02 09:50:00.0000",17.11,58.39,5.31883859634399,12.7655620574951,35.0938835144043
"2024-05-02 10:00:00.0000",17.44,57.97,5.06740379333496,14.2819757461548,39.5727005004883
"2024-05-02 09:49:02.0000",,,,,
"2024-05-02 10:10:00.0000",17.54,56.89,4.79525375366211,14.7643957138062,29.4809474945068
"2024-05-02 10:06:33.0000",,,,,
"2024-05-02 10:20:00.0000",17.33,56.15,5.38415002822876,16.2973861694336,32.1555595397949
"2024-05-02 10:30:00.0000",17.35,56.44,4.80651664733887,14.6779327392578,37.5527877807617
"2024-05-02 10:24:58.0000",,,,,
"2024-05-02 10:40:00.0000",17.14,56.65,5.38581037521362,17.6116962432861,37.7504005432129
"2024-05-02 10:41:32.0000",,,,,
"2024-05-02 10:50:00.0000",17.34,57.51,5.93963813781738,17.7864990234375,41.8356056213379
"2024-05-02 11:00:00.0000",18.51,56.11,5.54076480865479,17.7856292724609,48.9962692260742
"2024-05-02 10:56:28.0000",,,,,
"2024-05-02 10:59:02.0000",,,,,
"2024-05-02 11:10:00.0000",19.21,54.11,4.96590805053711,16.3778419494629,39.861743927002
"2024-05-02 11:16:31.0000",,,,,
"2024-05-02 11:20:00.0000",19.73,52.36,4.63874292373657,13.7234020233154,35.4118309020996
"2024-05-02 11:30:00.0000",20.3,51.06,4.15840768814087,14.2601270675659,47.5627555847168
"2024-05-02 11:40:00.0000",20.67,49.84,4.35662126541138,13.3630819320679,28.7423419952393
"2024-05-02 11:34:57.0000",,,,,
"2024-05-02 12:00:00.0000",22.5,47.36,4.18077993392944,12.1442537307739,38.634391784668
"2024-05-02 11:50:00.0000",21.17,48.4,4.28152656555176,12.3647584915161,45.8843193054199
"2024-05-02 11:51:30.0000",,,,,
"2024-05-02 12:10:00.0000",22.86,45.91,4.47857093811035,13.2276802062988,23.7001819610596
"2024-05-02 12:09:00.0000",,,,,
"2024-05-02 12:30:00.0000",23.97,42.54,4.12435531616211,13.1382608413696,39.8693351745605
"2024-05-02 12:20:00.0000",23.64,44.33,4.30104827880859,12.4998874664307,30.6635246276855
"2024-05-02 12:26:29.0000",,,,,
"2024-05-02 12:40:00.0000",23.89,42.13,3.48801374435425,12.5126676559448,32.9775085449219
"2024-05-02 12:45:00.0000",,,,,
"2024-05-02 12:50:00.0000",23.86,42.29,3.62771320343018,12.4868774414062,67.0275192260742
"2024-05-02 13:00:00.0000",24.27,41.23,3.46904945373535,11.154935836792,30.0583953857422
"2024-05-02 13:01:27.0000",,,,,
"2024-05-02 13:10:00.0000",24,41.51,3.21114325523376,10.7756004333496,40.312686920166
"2024-05-02 13:20:00.0000",24.83,41.55,3.40879702568054,11.4943075180054,34.6235733032227
"2024-05-02 13:30:00.0000",24.5,39.58,3.39404892921448,11.4142770767212,24.394510269165
"2024-05-02 13:19:07.0000",,,,,
"2024-05-02 13:40:00.0000",24.59,39.72,3.2933886051178,11.4670839309692,50.1100845336914
"2024-05-02 13:36:27.0000",,,,,
"2024-05-02 14:00:00.0000",25.1,39.77,3.37695574760437,11.1197843551636,33.9841384887695
"2024-05-02 13:50:00.0000",24.54,40.01,3.15660572052002,11.8596858978271,48.1040573120117
"2024-05-02 13:54:58.0000",,,,,
"2024-05-02 14:10:00.0000",25.59,39.16,3.654700756073,10.8849830627441,28.0517044067383
"2024-05-02 14:11:28.0000",,,,,
"2024-05-02 14:20:00.0000",25.29,38.86,3.68980264663696,11.8182258605957,50.3357887268066
"2024-05-02 14:30:00.0000",25.4,38.69,2.63476777076721,9.62087249755859,39.0258407592773
"2024-05-02 14:29:02.0000",,,,,
"2024-05-02 14:40:00.0000",25.61,38.15,2.30686354637146,8.09083652496338,43.8837738037109
"2024-05-02 14:46:32.0000",,,,,
"2024-05-02 14:50:00.0000",26.87,37.09,2.16215085983276,8.52406215667725,33.8537712097168
"2024-05-02 15:00:00.0000",26.03,36.57,2.45851039886475,9.90615081787109,42.5823516845703
"2024-05-02 15:10:00.0000",25.61,37.21,2.19105815887451,8.37729358673096,26.0321655273438
"2024-05-02 15:04:57.0000",,,,,
"2024-05-02 15:30:00.0000",25.38,36.62,2.0053927898407,8.03768730163574,28.0410003662109
"2024-05-02 15:20:00.0000",25.24,37.08,2.08008337020874,6.86208820343018,38.6819686889648
"2024-05-02 15:21:31.0000",,,,,
"2024-05-02 15:40:00.0000",25.24,36.93,2.38718271255493,8.38445091247559,24.5365905761719
"2024-05-02 15:39:01.0000",,,,,
"2024-05-02 15:50:00.0000",24.73,37.65,2.05703830718994,7.61857509613037,29.23801612854
"2024-05-02 16:00:00.0000",24.87,37.42,2.12858772277832,9.06999588012695,40.0259399414062
"2024-05-02 15:56:29.0000",,,,,
"2024-05-02 16:10:00.0000",24.98,37.96,2.77953338623047,9.80465316772461,37.1889305114746
"2024-05-02 16:15:00.0000",,,,,
"2024-05-02 16:20:00.0000",24.97,38.17,2.34740114212036,7.40734815597534,19.3786334991455
"2024-05-02 16:30:00.0000",24.57,38.93,3.14749813079834,10.6167554855347,48.038875579834
"2024-05-02 16:31:28.0000",,,,,
"2024-05-02 16:40:00.0000",24.32,40.87,3.92821264266968,13.5529670715332,43.6424446105957
"2024-05-02 16:48:59.0000",,,,,
"2024-05-02 16:50:00.0000",23.93,41.54,4.36758708953857,14.5949258804321,43.6516723632812
"2024-05-02 17:00:00.0000",23.25,42.14,3.68543720245361,13.6321849822998,35.8641815185547
"2024-05-02 17:10:00.0000",22.87,43.14,5.27711963653564,16.6450386047363,44.5469169616699
"2024-05-02 17:06:27.0000",,,,,
"2024-05-02 17:30:00.0000",22.65,44.1,4.47617530822754,14.7045221328735,48.2065200805664
"2024-05-02 17:20:00.0000",22.74,43.64,4.34817695617676,14.5756120681763,41.3344688415527
"2024-05-02 17:24:58.0000",,,,,
"2024-05-02 17:40:00.0000",22.63,44.55,4.35375928878784,14.3156089782715,55.8034858703613
"2024-05-02 17:41:26.0000",,,,,
"2024-05-02 17:50:00.0000",22.59,45.01,4.70569133758545,15.6271476745605,50.786434173584
"2024-05-02 18:00:00.0000",22.62,45.27,4.52090263366699,13.778395652771,31.5377464294434
"2024-05-02 17:58:57.0000",,,,,
"2024-05-02 18:10:00.0000",22.45,45.48,4.59296846389771,15.8470296859741,39.1425933837891
"2024-05-02 18:16:28.0000",,,,,
"2024-05-02 18:20:00.0000",21.97,46.01,6.1097207069397,19.0797061920166,55.1547813415527
"2024-05-02 18:30:00.0000",21.68,46.39,5.2536301612854,17.1349582672119,38.2435874938965
"2024-05-02 18:40:00.0000",21.56,46.72,5.44027709960938,17.0516033172607,43.9216842651367
"2024-05-02 18:34:58.0000",,,,,
"2024-05-02 19:00:00.0000",20.55,48.01,6.3240647315979,17.7532043457031,41.3188247680664
"2024-05-02 18:50:00.0000",21.07,47.08,5.715172290802,18.3907413482666,44.5486221313477
"2024-05-02 19:10:00.0000",20.18,49.22,6.46528673171997,17.7600021362305,38.457160949707
"2024-05-02 18:51:31.0000",,,,,
"2024-05-02 19:09:00.0000",,,,,
"2024-05-02 19:30:00.0000",19.09,51.26,4.92442464828491,15.7393560409546,37.202579498291
"2024-05-02 19:20:00.0000",19.49,50.16,5.83934020996094,17.6206283569336,39.8382759094238
"2024-05-02 19:26:30.0000",,,,,
"2024-05-02 19:40:00.0000",18.75,52.03,5.71822500228882,18.5660362243652,48.1516609191895
"2024-05-02 19:45:02.0000",,,,,
"2024-05-02 19:50:00.0000",18.63,53.55,4.82852029800415,15.8121690750122,39.0204277038574
"2024-05-02 20:00:00.0000",18.12,55.33,5.21301603317261,16.6817646026611,34.4240608215332
"2024-05-02 20:01:25.0000",,,,,
"2024-05-02 20:10:00.0000",17.48,58.68,5.08075189590454,15.7043704986572,30.3630771636963
"2024-05-02 20:20:00.0000",17.03,59.11,5.22950220108032,15.5289945602417,36.4135627746582
"2024-05-02 20:18:55.0000",,,,,
"2024-05-02 20:30:00.0000",16.89,58.45,5.70401763916016,20.1139507293701,50.4392318725586
"2024-05-02 20:40:00.0000",17.15,56.47,4.76933622360229,14.8431015014648,36.0652389526367
"2024-05-02 20:39:49.0000",,,,,
"2024-05-02 20:50:00.0000",16.34,62.32,5.63491535186768,14.5626420974731,27.5398464202881
"2024-05-02 21:00:00.0000",16.08,63.06,5.35061311721802,12.587890625,23.1909427642822
"2024-05-02 20:54:53.0000",,,,,
"2024-05-02 21:10:00.0000",15.86,63.7,6.21437358856201,15.3991632461548,41.2304725646973
"2024-05-02 21:11:28.0000",,,,,
"2024-05-02 21:20:00.0000",15.77,62.34,6.19503688812256,20.672758102417,50.1432723999023
"2024-05-02 21:30:00.0000",15.66,60.71,6.19065952301025,20.2028503417969,51.6348686218262
"2024-05-02 21:28:56.0000",,,,,
"2024-05-02 21:40:00.0000",15.57,63.59,6.50165987014771,16.2923336029053,30.4801139831543
"2024-05-02 21:46:27.0000",,,,,
"2024-05-02 21:50:00.0000",15.33,65.67,7.36066102981567,17.3737468719482,34.8148231506348
"2024-05-02 22:00:00.0000",14.72,67.36,8.79673290252686,16.4786167144775,27.7663745880127
"2024-05-02 22:10:00.0000",14.37,68.76,10.2692832946777,21.3948040008545,44.9037857055664
"2024-05-02 22:04:52.0000",,,,,
"2024-05-02 22:20:00.0000",14.2,69.78,9.47116088867188,19.8161296844482,46.8102722167969
"2024-05-02 22:30:00.0000",14,70.56,8.96205806732178,20.0062828063965,50.4587097167969
"2024-05-02 22:21:26.0000",,,,,
"2024-05-02 22:40:00.0000",13.88,70.84,8.9273624420166,19.1418495178223,47.0132102966309
"2024-05-02 22:38:56.0000",,,,,
"2024-05-02 23:00:00.0000",13.66,71.8,8.68992710113525,18.9886837005615,33.8108100891113
"2024-05-02 22:50:00.0000",13.81,71.32,8.44387245178223,16.9455032348633,29.775821685791
"2024-05-02 22:56:24.0000",,,,,
"2024-05-02 23:20:00.0000",13.45,72.65,8.41922092437744,19.5502986907959,51.0072021484375
"2024-05-02 23:10:00.0000",13.58,72.2,9.31244277954102,18.9085178375244,45.0733070373535
"2024-05-02 23:14:52.0000",,,,,
"2024-05-02 23:30:00.0000",13.34,72.65,8.37365055084229,17.8315010070801,38.5608253479004
"2024-05-02 23:31:25.0000",,,,,
"2024-05-02 23:40:00.0000",13.25,73.04,8.63017845153809,17.1383609771729,28.4193916320801
"2024-05-02 23:50:00.0000",13.12,71.35,6.92532968521118,22.5846900939941,47.2340431213379
"2024-05-02 23:48:53.0000",,,,,
"2024-05-03 00:00:00.0000",13.05,69.3,6.91768789291382,24.3505992889404,43.6856651306152
"2024-05-03 00:06:23.0000",,,,,
"2024-05-03 00:10:00.0000",13.01,68.64,6.89879989624023,24.4468612670898,47.5776405334473
"2024-05-03 00:20:00.0000",12.99,68.47,7.2385892868042,25.4867649078369,50.3416175842285
"2024-05-03 00:30:00.0000",12.93,68.65,7.21222877502441,24.8000946044922,57.5937576293945
"2024-05-03 00:24:55.0000",,,,,
"2024-05-03 00:40:00.0000",12.92,68.45,7.66127920150757,25.536205291748,52.0627746582031
"2024-05-03 00:41:24.0000",,,,,
"2024-05-03 00:50:00.0000",12.74,68.49,7.59346866607666,25.6792869567871,48.8734359741211
"2024-05-03 01:00:00.0000",12.66,68.46,7.22607421875,23.6059665679932,46.7117958068848
"2024-05-03 00:58:54.0000",,,,,
"2024-05-03 01:10:00.0000",12.47,68.52,7.72570991516113,27.9199810028076,63.1128387451172
"2024-05-03 01:16:27.0000",,,,,
"2024-05-03 01:20:00.0000",12.31,68.83,7.05612707138062,20.9718151092529,34.0119209289551
"2024-05-03 01:40:00.0000",12.06,69.55,6.99959421157837,24.0832786560059,47.641773223877
"2024-05-03 01:30:00.0000",12.17,69.96,7.61078596115112,25.7374362945557,48.4060287475586
"2024-05-03 01:34:54.0000",,,,,
"2024-05-03 02:00:00.0000",11.79,70.01,7.43988180160522,24.5027332305908,53.3593711853027
"2024-05-03 01:50:00.0000",11.94,69.99,7.20341920852661,22.0999584197998,44.1100311279297
"2024-05-03 01:51:25.0000",,,,,
"2024-05-03 02:10:00.0000",11.6,70.52,7.56472444534302,25.3901767730713,61.945858001709
"2024-05-03 02:30:00.0000",11.44,71.15,7.15987586975098,24.2398548126221,53.444263458252
"2024-05-03 02:20:00.0000",11.47,71.02,7.01912546157837,20.9802761077881,38.4666709899902
"2024-05-03 02:08:55.0000",,,,,
"2024-05-03 02:26:26.0000",,,,,
"2024-05-03 02:40:00.0000",11.43,71.21,7.23688745498657,25.2053146362305,51.2798233032227
"2024-05-03 02:50:00.0000",11.39,71.35,7.23717594146729,23.8423252105713,52.7164916992188
"2024-05-03 03:00:00.0000",11.29,71.69,7.20384645462036,24.0310897827148,46.9248046875
"2024-05-03 03:10:00.0000",11.21,71.67,7.08378887176514,24.2710380554199,47.4894714355469
"2024-05-03 02:44:56.0000",,,,,
"2024-05-03 03:01:25.0000",,,,,
"2024-05-03 03:20:00.0000",11.18,72.83,7.56350564956665,24.3646030426025,47.7152557373047
"2024-05-03 03:18:53.0000",,,,,
"2024-05-03 03:30:00.0000",11.15,73.32,7.28659725189209,26.3518581390381,55.445125579834
"2024-05-03 03:40:00.0000",11.22,73.41,7.60205173492432,25.8494338989258,58.5627021789551
"2024-05-03 03:36:24.0000",,,,,
"2024-05-03 03:50:00.0000",11.27,72.97,6.72850656509399,21.9125728607178,44.3569259643555
"2024-05-03 04:00:00.0000",11.4,72.77,7.08313226699829,22.7048072814941,40.2456245422363
"2024-05-03 04:10:00.0000",11.56,72.56,5.73979187011719,15.3881158828735,24.7067165374756
"2024-05-03 04:20:00.0000",11.69,72.04,6.84121131896973,21.1896781921387,48.677131652832
"2024-05-03 03:54:55.0000",,,,,
"2024-05-03 04:30:00.0000",11.8,71.68,6.40478324890137,21.5498962402344,41.8012275695801
"2024-05-03 04:11:22.0000",,,,,
"2024-05-03 04:28:53.0000",,,,,
"2024-05-03 04:40:00.0000",11.83,71.64,6.53441095352173,20.3078308105469,46.5446090698242
"2024-05-03 04:50:00.0000",11.87,72.34,6.95985698699951,23.2089996337891,37.7949447631836
"2024-05-03 04:46:22.0000",,,,,
"2024-05-03 05:00:00.0000",11.78,72.48,6.74079895019531,22.7723579406738,53.618049621582
"2024-05-03 05:10:00.0000",11.79,72.52,7.34977388381958,22.5281620025635,44.1948013305664
"2024-05-03 05:20:00.0000",11.81,72.46,7.46187114715576,23.2011070251465,46.268367767334
"2024-05-03 05:30:00.0000",11.81,72.48,7.00408887863159,22.5368423461914,44.4141845703125
"2024-05-03 05:04:53.0000",,,,,
"2024-05-03 05:40:00.0000",11.86,72.93,7.28658866882324,22.3259925842285,38.1708488464355
"2024-05-03 05:21:21.0000",,,,,
"2024-05-03 05:50:00.0000",11.86,73.8,8.43654441833496,25.1355381011963,54.5583267211914
"2024-05-03 05:38:56.0000",,,,,
"2024-05-03 06:00:00.0000",11.82,75.12,8.80711841583252,25.1356716156006,52.8052139282227
"2024-05-03 06:20:00.0000",11.95,75.02,6.98768043518066,22.4716510772705,49.3472595214844
"2024-05-03 05:56:25.0000",,,,,
"2024-05-03 06:10:00.0000",11.87,75.45,7.85677719116211,24.5375804901123,49.648796081543
"2024-05-03 06:30:00.0000",12.01,75.45,7.54929637908936,21.1524429321289,36.815185546875
"2024-05-03 06:40:00.0000",12.09,76.13,8.49811458587646,19.2242317199707,35.4194793701172
"2024-05-03 06:14:57.0000",,,,,
"2024-05-03 06:50:00.0000",12.15,77,11.1707887649536,20.0532646179199,30.651294708252
"2024-05-03 06:31:25.0000",,,,,
"2024-05-03 07:00:00.0000",12.04,78.45,12.6809139251709,19.8865261077881,27.2687950134277
"2024-05-03 06:48:55.0000",,,,,
"2024-05-03 07:10:00.0000",11.87,79.32,13.994909286499,24.610652923584,32.0295524597168
"2024-05-03 07:06:24.0000",,,,,
"2024-05-03 07:20:00.0000",11.75,80.77,14.3638544082642,24.8639736175537,32.5490417480469
"2024-05-03 07:30:00.0000",11.78,80.78,15.3497533798218,28.6022396087646,52.0308036804199
"2024-05-03 07:50:00.0000",11.84,80.81,17.35231590271,32.7369041442871,49.0572662353516
"2024-05-03 07:40:00.0000",11.84,80.99,16.538122177124,31.4005184173584,49.04296875
"2024-05-03 07:24:55.0000",,,,,
"2024-05-03 08:00:00.0000",11.8,80.8,15.8278503417969,28.6469421386719,39.1542510986328
"2024-05-03 07:41:22.0000",,,,,
"2024-05-03 08:20:00.0000",11.76,81.2,16.0609073638916,28.2118721008301,38.7182693481445
"2024-05-03 08:10:00.0000",11.73,81.23,17.7031879425049,32.6704597473145,56.0333938598633
"2024-05-03 07:58:52.0000",,,,,
"2024-05-03 08:30:00.0000",11.77,81.5,18.5715351104736,33.0386695861816,50.6237030029297
"2024-05-03 08:40:00.0000",11.71,81.56,18.3514785766602,31.8713684082031,45.0597496032715
"2024-05-03 08:16:23.0000",,,,,
"2024-05-03 08:50:00.0000",11.69,81.55,19.3228416442871,32.6790351867676,48.8016967773438
"2024-05-03 09:00:00.0000",11.7,81.69,19.1275520324707,30.4853744506836,45.0809288024902
"2024-05-03 08:34:53.0000",,,,,
"2024-05-03 08:51:22.0000",,,,,
"2024-05-03 09:10:00.0000",11.59,81.75,20.2659950256348,33.5115280151367,51.1916542053223
"2024-05-03 09:30:00.0000",11.66,82.42,20.1264591217041,33.1241226196289,45.034725189209
"2024-05-03 09:20:00.0000",11.69,82.19,20.1307582855225,32.9969367980957,46.9659652709961
"2024-05-03 09:08:51.0000",,,,,
"2024-05-03 09:50:00.0000",11.86,81.97,14.3117818832397,23.0292015075684,32.3703308105469
"2024-05-03 09:40:00.0000",11.71,82.37,24.7248916625977,37.7928886413574,57.7079849243164
"2024-05-03 09:26:22.0000",,,,,
"2024-05-03 10:10:00.0000",12.14,80.57,10.5266170501709,16.6439762115479,26.189811706543
"2024-05-03 10:00:00.0000",12.01,81.49,11.0099859237671,17.7231864929199,24.688404083252
"2024-05-03 09:44:46.0000",,,,,
"2024-05-03 10:01:20.0000",,,,,
"2024-05-03 10:20:00.0000",12.26,79.62,16.629222869873,28.7567920684814,51.2649269104004
"2024-05-03 10:40:00.0000",12.45,78.97,10.0826683044434,16.1421604156494,25.7392330169678
"2024-05-03 10:30:00.0000",12.39,79.14,9.32920932769775,14.6230354309082,23.2462673187256
"2024-05-03 10:18:49.0000",,,,,
"2024-05-03 10:50:00.0000",12.46,78.52,14.0374794006348,24.3339576721191,42.9077682495117
"2024-05-03 10:36:20.0000",,,,,
"2024-05-03 11:00:00.0000",12.44,78.45,14.9500312805176,28.4057884216309,54.4238395690918
"2024-05-03 11:10:00.0000",12.54,78.95,8.69629573822021,15.9363451004028,29.8116817474365
"2024-05-03 11:20:00.0000",12.57,78.73,9.723388671875,19.9447689056396,57.3918342590332
"2024-05-03 10:56:22.0000",,,,,
"2024-05-03 10:54:49.0000",,,,,
"2024-05-03 11:30:00.0000",12.56,78.54,7.67510843276978,15.1167545318604,35.0996398925781
"2024-05-03 11:11:17.0000",,,,,
"2024-05-03 11:28:47.0000",,,,,
"2024-05-03 11:40:00.0000",12.44,78.12,7.90111589431763,18.8108768463135,42.856502532959
"2024-05-03 11:50:00.0000",12.55,78.01,6.40752410888672,17.3441181182861,46.0443000793457
"2024-05-03 12:00:00.0000",12.64,77.44,6.52610969543457,18.2963180541992,43.4737854003906
"2024-05-03 11:46:22.0000",,,,,
"2024-05-03 12:10:00.0000",12.84,76.91,11.1038761138916,24.7824420928955,61.380184173584
"2024-05-03 12:04:47.0000",,,,,
"2024-05-03 12:20:00.0000",13.03,76.28,5.61162662506104,12.0811080932617,44.1549835205078
"2024-05-03 12:30:00.0000",13.17,75.78,5.8298397064209,12.5544137954712,35.0869102478027
"2024-05-03 12:21:22.0000",,,,,
"2024-05-03 12:40:00.0000",13.29,75.49,6.55606698989868,12.002498626709,20.0426254272461
"2024-05-03 12:38:50.0000",,,,,
"2024-05-03 13:00:00.0000",13.09,75.34,5.9287109375,11.6282997131348,20.4597434997559
"2024-05-03 12:50:00.0000",13.26,75.1,6.03845834732056,11.6173677444458,33.4949684143066
"2024-05-03 13:10:00.0000",13.07,75.4,4.87202978134155,9.31426811218262,17.3467922210693
"2024-05-03 12:56:21.0000",,,,,
"2024-05-03 13:20:00.0000",13.11,75.42,5.32488584518433,10.5325212478638,25.3901996612549
"2024-05-03 13:30:00.0000",13.21,75.13,5.5019850730896,9.58625221252441,14.2439565658569
"2024-05-03 13:14:47.0000",,,,,
"2024-05-03 13:40:00.0000",13.26,74.95,5.18586301803589,8.98918533325195,19.4553852081299
"2024-05-03 13:31:20.0000",,,,,
"2024-05-03 13:50:00.0000",13.22,75.47,5.17594480514526,9.99074935913086,22.8075485229492
"2024-05-03 14:10:00.0000",13.3,75.74,6.90783739089966,12.6435394287109,22.7500514984131
"2024-05-03 13:48:50.0000",,,,,
"2024-05-03 14:00:00.0000",13.2,75.83,6.13751983642578,11.8835134506226,29.0948524475098
"2024-05-03 14:06:20.0000",,,,,
"2024-05-03 14:20:00.0000",13.47,75.02,6.9556450843811,12.6877250671387,24.2313671112061
"2024-05-03 14:30:00.0000",13.63,74.55,6.47742509841919,10.7915954589844,19.4144344329834
"2024-05-03 14:40:00.0000",13.71,74.28,7.33956575393677,13.171893119812,23.5073928833008
"2024-05-03 14:24:51.0000",,,,,
"2024-05-03 14:50:00.0000",13.96,73.71,5.7557520866394,9.56630325317383,14.5366792678833
"2024-05-03 15:00:00.0000",14.23,72.96,4.70651292800903,8.74910449981689,18.2165603637695
"2024-05-03 14:41:19.0000",,,,,
"2024-05-03 15:10:00.0000",14.64,71.89,4.02141952514648,7.56775140762329,12.0518989562988
"2024-05-03 14:58:47.0000",,,,,
"2024-05-03 15:20:00.0000",14.76,71.13,3.9263002872467,6.9896035194397,21.9284572601318
"2024-05-03 15:40:00.0000",14.67,70.42,4.20929479598999,6.99155855178833,14.4295949935913
"2024-05-03 15:30:00.0000",14.69,70.39,3.34166598320007,5.75275707244873,13.8718843460083
"2024-05-03 15:16:18.0000",,,,,
"2024-05-03 15:50:00.0000",14.6,70.41,3.34134364128113,5.54244709014893,9.29432773590088
"2024-05-03 16:00:00.0000",14.48,70.47,3.99549078941345,7.15021371841431,12.1290655136108
"2024-05-03 15:34:48.0000",,,,,
"2024-05-03 16:10:00.0000",14.36,70.42,3.8754518032074,7.26882553100586,17.3637752532959
"2024-05-03 15:51:16.0000",,,,,
"2024-05-03 16:20:00.0000",14.17,71.19,4.85306978225708,9.25358009338379,16.0796737670898
"2024-05-03 16:08:53.0000",,,,,
"2024-05-03 16:30:00.0000",13.99,71.97,3.94703793525696,7.20099592208862,16.63942527771
"2024-05-03 16:50:00.0000",13.83,72.59,4.00012159347534,7.45617437362671,15.8407154083252
"2024-05-03 16:40:00.0000",13.92,72.33,4.07669115066528,7.53683567047119,20.753231048584
"2024-05-03 16:26:21.0000",,,,,
"2024-05-03 17:00:00.0000",13.73,72.61,3.26516056060791,6.12491035461426,14.2682104110718
"2024-05-03 16:44:47.0000",,,,,
"2024-05-03 17:10:00.0000",13.56,72.89,3.366459608078,5.45379495620728,14.5729551315308
"2024-05-03 17:01:20.0000",,,,,
"2024-05-03 17:20:00.0000",13.5,73.02,3.00365328788757,5.40910816192627,9.56369686126709
"2024-05-03 17:40:00.0000",12.99,75.59,4.88115835189819,8.97783088684082,15.6322975158691
"2024-05-03 17:30:00.0000",13.37,74.4,5.09735774993896,8.32839298248291,12.6213083267212
"2024-05-03 17:18:50.0000",,,,,
"2024-05-03 17:50:00.0000",12.78,76.88,5.88938188552856,11.5810165405273,28.4696578979492
"2024-05-03 17:36:21.0000",,,,,
"2024-05-03 18:00:00.0000",12.64,78.11,6.97152280807495,12.1361989974976,19.2122325897217
"2024-05-03 18:10:00.0000",12.53,78.89,7.27328109741211,12.4520959854126,18.4607181549072
"2024-05-03 18:20:00.0000",12.47,79.48,10.1153450012207,19.3259029388428,30.9322700500488
"2024-05-03 17:54:51.0000",,,,,
"2024-05-03 18:11:18.0000",,,,,
"2024-05-03 18:30:00.0000",12.34,80.02,7.73528528213501,14.7522373199463,25.8449802398682
"2024-05-03 18:28:49.0000",,,,,
"2024-05-03 18:40:00.0000",12.19,80.85,7.23977613449097,12.703387260437,17.6640148162842
"2024-05-03 18:46:19.0000",,,,,
"2024-05-03 18:50:00.0000",12.06,80.96,8.18096542358398,14.9393215179443,26.9838237762451
"2024-05-03 19:00:00.0000",12.02,81.19,6.85952377319336,10.7670869827271,13.9395627975464
"2024-05-03 19:10:00.0000",11.99,81.57,8.41018676757812,15.275294303894,22.4690761566162
"2024-05-03 19:04:50.0000",,,,,
"2024-05-03 19:20:00.0000",11.97,81.8,10.7898530960083,19.8958950042725,38.594108581543
"2024-05-03 19:30:00.0000",11.95,82.2,7.61527633666992,12.9157705307007,19.3493328094482
"2024-05-03 19:21:16.0000",,,,,
"2024-05-03 19:40:00.0000",11.91,82.44,13.2562465667725,23.2819175720215,34.1154747009277
"2024-05-03 19:38:47.0000",,,,,
"2024-05-03 19:50:00.0000",11.82,82.74,14.5998163223267,25.4750747680664,37.7061424255371
"2024-05-03 20:00:00.0000",11.7,83.14,10.591136932373,19.1460494995117,28.8377914428711
"2024-05-03 19:56:17.0000",,,,,
"2024-05-03 20:10:00.0000",11.65,83.24,13.2655973434448,25.7287635803223,37.8359718322754
"2024-05-03 20:14:47.0000",,,,,
"2024-05-03 20:20:00.0000",11.62,83.42,10.0108327865601,17.4351997375488,22.601037979126
"2024-05-03 20:30:00.0000",11.57,83.64,10.2012968063354,17.1816368103027,22.8552074432373
"2024-05-03 20:31:21.0000",,,,,
"2024-05-03 20:40:00.0000",11.61,83.73,13.0486326217651,25.2546710968018,35.7466659545898
"2024-05-03 20:50:00.0000",11.62,83.89,14.1617965698242,24.8345756530762,39.1494750976562
"2024-05-03 21:00:00.0000",11.68,84.13,14.8265256881714,24.5275440216064,31.7083721160889
"2024-05-03 20:48:51.0000",,,,,
"2024-05-03 21:10:00.0000",11.69,84.25,14.9792203903198,24.5765056610107,38.1155128479004
"2024-05-03 21:06:21.0000",,,,,
"2024-05-03 21:30:00.0000",11.62,84.61,6.78326082229614,11.1309251785278,15.1402053833008
"2024-05-03 21:20:00.0000",11.7,84.39,14.5687456130981,24.0568943023682,31.9126129150391
"2024-05-03 21:24:51.0000",,,,,
"2024-05-03 21:40:00.0000",11.4,84.54,2.45393824577332,4.03523826599121,7.52805089950562
"2024-05-03 21:41:19.0000",,,,,
"2024-05-03 21:50:00.0000",11.35,84.15,1.99033582210541,3.66205263137817,7.14212465286255
"2024-05-03 22:00:00.0000",11.28,83.95,2.02107572555542,4.23959732055664,8.79395198822021
"2024-05-03 21:58:50.0000",,,,,
"2024-05-03 22:10:00.0000",11.37,84.02,2.91914558410645,5.5858793258667,12.2098941802979
"2024-05-03 22:16:15.0000",,,,,
"2024-05-03 22:20:00.0000",11.36,84.07,3.36274576187134,5.66138172149658,10.2505788803101
"2024-05-03 22:30:00.0000",11.48,84.44,4.57340383529663,8.0355863571167,12.524432182312
"2024-05-03 22:40:00.0000",11.43,84.52,3.78130555152893,6.09005403518677,13.0302104949951
"2024-05-03 22:34:44.0000",,,,,
"2024-05-03 23:00:00.0000",11.38,85,4.6992244720459,7.23973369598389,13.9807109832764
"2024-05-03 22:50:00.0000",11.38,85.1,3.76271271705627,6.05686616897583,11.6153106689453
"2024-05-03 22:51:18.0000",,,,,
"2024-05-03 23:10:00.0000",11.27,85.36,4.54069566726685,6.39606618881226,9.146484375
"2024-05-03 23:08:49.0000",,,,,
"2024-05-03 23:20:00.0000",11.21,85.5,4.4654598236084,6.83168745040894,18.8366527557373
"2024-05-03 23:30:00.0000",11.16,85.52,3.03529477119446,4.44220352172852,9.83039569854736
"2024-05-03 23:26:18.0000",,,,,
"2024-05-03 23:40:00.0000",11.1,85.62,2.46462202072144,3.45772957801819,8.1123685836792
"2024-05-03 23:44:43.0000",,,,,
"2024-05-03 23:50:00.0000",11.06,85.77,2.17543792724609,4.04036617279053,9.56546592712402
"2024-05-04 00:00:00.0000",11.08,85.69,1.82869017124176,3.00982165336609,5.73770570755005
"2024-05-04 00:01:15.0000",,,,,
"2024-05-04 00:10:00.0000",11.04,85.89,1.37183582782745,2.67028522491455,8.63424873352051
"2024-05-04 00:20:00.0000",11,85.65,1.16389584541321,2.61987209320068,7.11844158172607
"2024-05-04 00:18:46.0000",,,,,
"2024-05-04 00:30:00.0000",10.96,85.99,1.19668591022491,2.26729822158813,5.25952386856079
"2024-05-04 00:40:00.0000",10.99,85.93,1.28558719158173,2.17966532707214,11.5310077667236
"2024-05-04 00:36:16.0000",,,,,
"2024-05-04 01:00:00.0000",10.98,85.75,1.02230799198151,1.99384951591492,6.32924175262451
"2024-05-04 00:50:00.0000",10.99,85.71,1.31848001480103,2.43341827392578,5.11421728134155
"2024-05-04 00:54:43.0000",,,,,
"2024-05-04 01:10:00.0000",10.98,85.68,0.781572461128235,1.48048901557922,7.10340452194214
"2024-05-04 01:11:14.0000",,,,,
"2024-05-04 01:20:00.0000",10.95,85.68,0.699585139751434,1.91862511634827,11.0664014816284
"2024-05-04 01:30:00.0000",10.93,85.55,0.295306473970413,0.882892847061157,6.92952728271484
"2024-05-04 01:28:44.0000",,,,,
"2024-05-04 01:40:00.0000",10.89,85.32,0.246305376291275,0.918190836906433,6.77107191085815
"2024-05-04 01:46:13.0000",,,,,
"2024-05-04 01:50:00.0000",10.87,85.17,0.455235153436661,1.63973999023438,11.0603332519531
"2024-05-04 02:00:00.0000",10.87,85.11,0.33145597577095,0.924888789653778,7.278404712677
"2024-05-04 02:10:00.0000",10.86,85.28,0.946444153785706,1.79685735702515,6.90712976455688
"2024-05-04 02:04:44.0000",,,,,
"2024-05-04 02:20:00.0000",10.87,85.59,0.372219860553741,0.83539605140686,7.14436292648315
"2024-05-04 02:30:00.0000",10.81,85.61,0.655361711978912,2.00481581687927,5.27119159698486
"2024-05-04 02:21:14.0000",,,,,
"2024-05-04 02:40:00.0000",10.8,85.76,0.258801758289337,1.55358743667603,7.31355714797974
"2024-05-04 02:38:43.0000",,,,,
"2024-05-04 03:00:00.0000",10.81,85.47,0.137791141867638,0.43587788939476,3.00843644142151
"2024-05-04 02:50:00.0000",10.79,85.52,0.273897737264633,1.18178749084473,8.64579486846924
"2024-05-04 02:56:17.0000",,,,,
"2024-05-04 03:10:00.0000",10.82,85.38,0.116371378302574,0.344115942716599,4.76659250259399
"2024-05-04 03:14:44.0000",,,,,
"2024-05-04 03:20:00.0000",10.82,85.08,0.172032356262207,0.975693464279175,6.80771636962891
"2024-05-04 03:30:00.0000",10.82,84.9,0.180168390274048,0.772731006145477,6.83538389205933
"2024-05-04 03:31:16.0000",,,,,
"2024-05-04 03:40:00.0000",10.85,84.75,0.270389050245285,0.832821786403656,8.16929149627686
"2024-05-04 03:48:45.0000",,,,,
"2024-05-04 03:50:00.0000",10.85,84.76,0.261817991733551,0.784398853778839,7.7043571472168
"2024-05-04 04:00:00.0000",10.87,84.52,0.189850851893425,0.716124176979065,5.91354990005493
"2024-05-04 04:10:00.0000",10.86,84.56,0.346417367458344,1.12660682201385,6.56410312652588
"2024-05-04 04:06:15.0000",,,,,
"2024-05-04 04:30:00.0000",10.85,84.34,0.296558678150177,0.761541604995728,12.6593809127808
"2024-05-04 04:20:00.0000",10.83,84.62,0.161094337701797,0.418437302112579,3.76007795333862
"2024-05-04 04:24:43.0000",,,,,
"2024-05-04 04:40:00.0000",10.87,84.47,0.194650411605835,0.660641193389893,11.073992729187
"2024-05-04 04:41:15.0000",,,,,
"2024-05-04 04:50:00.0000",10.9,84.09,0.329684883356094,0.926199734210968,6.67670583724976
"2024-05-04 05:00:00.0000",10.95,83.85,0.374329715967178,0.858720004558563,6.06241273880005
"2024-05-04 04:58:45.0000",,,,,
"2024-05-04 05:10:00.0000",11.07,83.61,0.454846262931824,0.942375123500824,8.94378280639648
"2024-05-04 05:16:15.0000",,,,,
"2024-05-04 05:20:00.0000",11.1,83.14,0.453982025384903,1.1182324886322,7.43555450439453
"2024-05-04 05:30:00.0000",11.12,83.09,0.567404747009277,1.13543522357941,12.6448459625244
"2024-05-04 05:40:00.0000",11.12,83.06,0.609958708286285,1.48874509334564,4.79322099685669
"2024-05-04 05:34:46.0000",,,,,
"2024-05-04 06:00:00.0000",11.15,83.58,0.790275037288666,1.73057782649994,5.14747381210327
"2024-05-04 05:50:00.0000",11.14,83.4,0.621099770069122,1.06073522567749,6.18001079559326
"2024-05-04 05:51:14.0000",,,,,
"2024-05-04 06:10:00.0000",11.19,83.6,0.675434470176697,1.11555898189545,6.97277927398682
"2024-05-04 06:08:42.0000",,,,,
"2024-05-04 06:20:00.0000",11.22,83.38,0.628781855106354,1.83942902088165,6.9910101890564
"2024-05-04 06:30:00.0000",11.24,83.01,0.546715557575226,1.53570210933685,7.66231632232666
"2024-05-04 06:26:12.0000",,,,,
"2024-05-04 06:40:00.0000",11.32,82.89,0.622540414333344,2.18634676933289,10.2046518325806
"2024-05-04 06:44:44.0000",,,,,
"2024-05-04 06:50:00.0000",11.38,82.64,0.724236369132996,1.6437691450119,7.47293424606323
"2024-05-04 07:00:00.0000",11.4,82.6,0.442950785160065,0.721756756305695,2.93336200714111
"2024-05-04 07:01:12.0000",,,,,
"2024-05-04 07:10:00.0000",11.39,82.32,0.572607159614563,1.47378218173981,7.60810041427612
"2024-05-04 07:20:00.0000",11.41,82.31,0.668782413005829,1.41225624084473,4.20036506652832
"2024-05-04 07:30:00.0000",11.42,82.34,0.811632931232452,2.29696083068848,6.16340351104736
"2024-05-04 07:18:46.0000",,,,,
"2024-05-04 07:40:00.0000",11.49,82.23,0.855036914348602,1.83914744853973,5.74786901473999
"2024-05-04 07:36:17.0000",,,,,
"2024-05-04 08:00:00.0000",11.67,81.83,0.973053395748138,1.84297525882721,5.92544317245483
"2024-05-04 07:50:00.0000",11.52,81.87,0.874207258224487,1.67193722724915,4.09167528152466
"2024-05-04 07:54:42.0000",,,,,
"2024-05-04 08:10:00.0000",11.68,81.18,1.0020534992218,2.20491003990173,5.67803382873535
"2024-05-04 08:11:16.0000",,,,,
"2024-05-04 08:20:00.0000",11.8,81.06,0.92482578754425,2.20492076873779,8.6657133102417
"2024-05-04 08:30:00.0000",11.8,80.9,1.30747842788696,3.23875403404236,7.16109085083008
"2024-05-04 08:28:45.0000",,,,,
"2024-05-04 08:40:00.0000",11.63,80.75,1.52218675613403,3.58766841888428,7.69484710693359
"2024-05-04 08:46:15.0000",,,,,
"2024-05-04 08:50:00.0000",11.75,80.81,1.43330264091492,3.09985733032227,7.52459478378296
"2024-05-04 09:00:00.0000",11.82,80.43,1.28648340702057,2.62961935997009,5.44931173324585
"2024-05-04 09:10:00.0000",11.91,79.86,1.38239943981171,2.6121883392334,8.19056129455566
"2024-05-04 09:04:46.0000",,,,,
"2024-05-04 09:20:00.0000",12.05,79.71,1.5636875629425,3.49528884887695,13.2222881317139
"2024-05-04 09:30:00.0000",12.03,79.28,2.14849376678467,4.64729452133179,9.94669628143311
"2024-05-04 09:21:14.0000",,,,,
"2024-05-04 09:40:00.0000",12.21,78.95,1.80888938903809,3.99109745025635,10.1164321899414
"2024-05-04 09:38:43.0000",,,,,
"2024-05-04 09:50:00.0000",12.38,78.43,2.15730381011963,4.67080545425415,10.3476285934448
"2024-05-04 10:00:00.0000",12.47,77.72,1.88916873931885,4.6432466506958,14.1096172332764
"2024-05-04 09:56:12.0000",,,,,
"2024-05-04 10:10:00.0000",12.6,76.86,1.66817820072174,3.86265778541565,8.10620212554932
"2024-05-04 10:14:43.0000",,,,,
"2024-05-04 10:20:00.0000",12.56,76.81,1.77671027183533,5.10860538482666,17.390308380127
"2024-05-04 10:30:00.0000",12.9,76.71,1.60971999168396,3.21016407012939,13.860915184021
"2024-05-04 10:31:11.0000",,,,,
"2024-05-04 10:40:00.0000",13.33,75.55,1.25351631641388,3.05214357376099,7.16939544677734
"2024-05-04 10:50:00.0000",13.6,74.3,1.37617373466492,4.39356565475464,18.8892612457275
"2024-05-04 10:48:40.0000",,,,,
"2024-05-04 11:00:00.0000",13.91,73.77,1.32642614841461,3.39183712005615,9.99073791503906
"2024-05-04 10:56:12.0000",,,,,
"2024-05-04 11:10:00.0000",14,72.5,1.13878345489502,2.93261337280273,12.6712684631348
"2024-05-04 11:06:11.0000",,,,,
"2024-05-04 11:20:00.0000",14.17,71.68,1.25528752803802,3.36113166809082,8.89392757415771
"2024-05-04 11:30:00.0000",13.95,70.82,1.41800713539124,3.84325814247131,13.4887952804565
"2024-05-04 11:24:37.0000",,,,,
"2024-05-04 11:40:00.0000",13.98,70.97,1.2504848241806,3.29187297821045,12.678750038147
"2024-05-04 11:41:10.0000",,,,,
"2024-05-04 11:50:00.0000",14.09,70.27,1.34217917919159,3.74958610534668,17.5411281585693
"2024-05-04 12:00:00.0000",13.96,70.33,1.19739997386932,3.23399591445923,8.4471607208252
"2024-05-04 11:58:41.0000",,,,,
"2024-05-04 12:10:00.0000",14.04,70.12,1.12576472759247,3.69007420539856,10.7712326049805
"2024-05-04 12:16:09.0000",,,,,
"2024-05-04 12:20:00.0000",13.96,69.96,1.07156002521515,3.22154688835144,19.2223873138428
"2024-05-04 12:30:00.0000",13.98,68.33,1.02396357059479,3.69329023361206,11.4919204711914
"2024-05-04 12:40:00.0000",13.86,67.14,0.725229620933533,2.69947099685669,6.12208318710327
"2024-05-04 12:34:49.0000",,,,,
"2024-05-04 13:00:00.0000",13.91,68.24,1.48186719417572,4.58591413497925,21.5648212432861
"2024-05-04 12:50:00.0000",13.88,67.17,1.13372230529785,4.64807176589966,19.3391132354736
"2024-05-04 12:51:10.0000",,,,,
"2024-05-04 13:10:00.0000",13.8,68.35,2.88140988349915,7.00516080856323,22.5404243469238
"2024-05-04 13:08:39.0000",,,,,
"2024-05-04 13:20:00.0000",13.48,67.95,2.10796666145325,5.70605754852295,29.9633712768555
"2024-05-04 13:30:00.0000",13.33,68.14,1.41035211086273,5.57987976074219,18.3494625091553
"2024-05-04 13:26:11.0000",,,,,
"2024-05-04 13:40:00.0000",13.21,68.56,1.31791579723358,4.9157919883728,19.8987369537354
"2024-05-04 13:44:37.0000",,,,,
"2024-05-04 13:50:00.0000",13.16,68.18,1.28300166130066,3.65187525749207,9.80475044250488
"2024-05-04 14:00:00.0000",13.26,68.3,1.81089735031128,5.26187705993652,15.7185344696045
"2024-05-04 14:01:10.0000",,,,,
"2024-05-04 14:10:00.0000",13.42,67.88,1.53604829311371,4.06276178359985,9.8252010345459
"2024-05-04 14:20:00.0000",13.52,67.01,1.09338748455048,3.65444445610046,8.38663959503174
"2024-05-04 14:30:00.0000",13.5,65.74,1.32415628433228,4.39999532699585,15.5821952819824
"2024-05-04 14:18:39.0000",,,,,
"2024-05-04 14:40:00.0000",13.52,65.14,1.39948093891144,5.62446165084839,18.9832668304443
"2024-05-04 14:36:09.0000",,,,,
"2024-05-04 15:00:00.0000",13.54,64.76,1.17314851284027,4.45323467254639,14.0823287963867
"2024-05-04 14:50:00.0000",13.45,65.26,0.960083961486816,3.88679218292236,10.9952774047852
"2024-05-04 14:54:35.0000",,,,,
"2024-05-04 15:10:00.0000",13.56,66.48,2.22199487686157,6.75978803634644,25.2329845428467
"2024-05-04 15:11:08.0000",,,,,
"2024-05-04 15:20:00.0000",13.37,67.38,2.0608913898468,6.46102428436279,24.6301727294922
"2024-05-04 15:30:00.0000",13.32,67.28,1.28976166248322,3.9820396900177,9.47166347503662
"2024-05-04 15:28:38.0000",,,,,
"2024-05-04 15:40:00.0000",13.25,68.36,1.78955554962158,6.11354351043701,14.8056688308716
"2024-05-04 15:46:08.0000",,,,,
"2024-05-04 15:50:00.0000",13.25,68.4,2.55648946762085,6.30785989761353,14.4834680557251
"2024-05-04 16:00:00.0000",13.18,66.92,1.28851962089539,4.29693984985352,11.1769876480103
"2024-05-04 16:10:00.0000",13.09,66.31,1.8922700881958,5.82924795150757,23.168529510498
"2024-05-04 16:04:39.0000",,,,,
"2024-05-04 16:20:00.0000",13.04,66.39,1.63374292850494,5.17435550689697,16.8396186828613
"2024-05-04 16:30:00.0000",13.06,66.01,1.51910281181335,4.96169185638428,13.0999984741211
"2024-05-04 16:21:10.0000",,,,,
"2024-05-04 16:40:00.0000",13.04,65.72,1.10146808624268,4.3374171257019,13.9662113189697
"2024-05-04 16:38:39.0000",,,,,
"2024-05-04 16:50:00.0000",12.96,65.75,1.55420410633087,4.39759397506714,11.4052648544312
"2024-05-04 17:00:00.0000",13.03,65.06,0.962310969829559,3.70901823043823,12.7873601913452
"2024-05-04 16:56:08.0000",,,,,
"2024-05-04 17:10:00.0000",12.99,65.88,1.22883999347687,3.80687642097473,12.2659149169922
"2024-05-04 17:14:40.0000",,,,,
"2024-05-04 17:20:00.0000",13.05,64.6,1.79981255531311,5.69146776199341,20.7111167907715
"2024-05-04 17:30:00.0000",13,64.75,1.09717524051666,3.50970506668091,8.99098587036133
"2024-05-04 17:31:09.0000",,,,,
"2024-05-04 17:40:00.0000",13.03,65.39,8.01043224334717,12.1297092437744,22.1324138641357
"2024-05-04 17:50:00.0000",13.04,64.53,1.14025795459747,4.28056144714355,11.211085319519
"2024-05-04 17:48:42.0000",,,,,
"2024-05-04 18:00:00.0000",13.06,64.59,1.22639656066895,3.52684736251831,11.6032075881958
"2024-05-04 18:10:00.0000",13.12,64.4,1.35388457775116,3.90166473388672,11.9175500869751
"2024-05-04 18:06:12.0000",,,,,
"2024-05-04 18:20:00.0000",13.06,64.07,2.03433752059937,5.47910737991333,14.3625373840332
"2024-05-04 18:30:00.0000",13.1,63.72,1.09043645858765,3.91228055953979,12.9056119918823
"2024-05-04 18:24:38.0000",,,,,
"2024-05-04 18:40:00.0000",13.04,63.58,3.61656951904297,8.25479984283447,24.7043533325195
"2024-05-04 18:41:12.0000",,,,,
"2024-05-04 18:50:00.0000",12.91,63.17,2.39164352416992,6.3190131187439,16.4992046356201
"2024-05-04 19:00:00.0000",12.89,63.71,1.22680282592773,4.70141935348511,13.5070543289185
"2024-05-04 18:58:41.0000",,,,,
"2024-05-04 19:10:00.0000",12.91,63.52,1.79706978797913,4.48235750198364,11.7256669998169
"2024-05-04 19:20:00.0000",12.96,64.13,1.90384256839752,4.77202272415161,13.6426048278809
"2024-05-04 19:16:11.0000",,,,,
"2024-05-04 19:30:00.0000",12.94,64.05,1.45322179794312,4.06822347640991,9.65122413635254
"2024-05-04 19:40:00.0000",12.9,64.28,1.23070359230042,3.58083248138428,7.28908920288086
"2024-05-04 19:34:41.0000",,,,,
"2024-05-04 19:50:00.0000",12.81,64.44,1.8494565486908,5.17937850952148,15.0611600875854
"2024-05-04 20:00:00.0000",12.77,64.53,3.55959486961365,7.37859773635864,15.6556186676025
"2024-05-04 19:51:09.0000",,,,,
"2024-05-04 20:10:00.0000",12.74,64.95,2.67742085456848,5.74684810638428,14.0897989273071
"2024-05-04 20:08:39.0000",,,,,
"2024-05-04 20:20:00.0000",12.71,65.13,1.33869695663452,4.60384368896484,14.0380039215088
"2024-05-04 20:30:00.0000",12.62,65.65,1.3015124797821,4.15188074111938,12.0980730056763
"2024-05-04 20:26:08.0000",,,,,
"2024-05-04 20:40:00.0000",12.59,65.91,1.44185256958008,4.83724451065063,14.5089960098267
"2024-05-04 20:44:39.0000",,,,,
"2024-05-04 20:50:00.0000",12.5,66.33,2.04890918731689,5.67312479019165,16.2287750244141
"2024-05-04 21:00:00.0000",12.47,66.64,1.86835181713104,5.02966642379761,13.4936943054199
"2024-05-04 21:01:08.0000",,,,,
"2024-05-04 21:10:00.0000",12.44,67,1.7670783996582,5.21193647384644,14.7574167251587
"2024-05-04 21:20:00.0000",12.41,67.48,1.82640564441681,5.08202981948853,12.4050531387329
"2024-05-04 21:30:00.0000",12.38,68.01,1.51577830314636,4.51914644241333,9.99517345428467
"2024-05-04 21:18:38.0000",,,,,
"2024-05-04 21:40:00.0000",12.37,68.45,1.46982872486115,4.18675136566162,10.8528814315796
"2024-05-04 21:36:07.0000",,,,,
"2024-05-04 21:50:00.0000",12.29,69.8,1.34596168994904,4.40541839599609,9.44938850402832
"2024-05-04 22:00:00.0000",12.21,71.17,1.45403409004211,4.9395055770874,10.6274785995483
"2024-05-04 21:54:38.0000",,,,,
"2024-05-04 22:10:00.0000",12.13,72.07,1.63124239444733,6.50991106033325,18.838737487793
"2024-05-04 22:11:12.0000",,,,,
"2024-05-04 22:20:00.0000",11.99,72.63,1.65417587757111,6.06550598144531,27.2586040496826
"2024-05-04 22:30:00.0000",11.97,73.12,1.9904750585556,6.47911930084229,27.4695472717285
"2024-05-04 22:28:41.0000",,,,,
"2024-05-04 22:40:00.0000",11.97,73.63,1.95608723163605,6.51062154769897,22.6349010467529
"2024-05-04 22:46:11.0000",,,,,
"2024-05-04 22:50:00.0000",11.97,73.86,2.21560525894165,6.60053443908691,23.3043441772461
"2024-05-04 23:00:00.0000",12.01,74.39,3.30808091163635,8.4144458770752,23.5330276489258
"2024-05-04 23:10:00.0000",11.96,74.61,2.73979258537292,8.51319408416748,26.8019046783447
"2024-05-04 23:04:41.0000",,,,,
"2024-05-04 23:20:00.0000",11.93,74.76,2.61508893966675,6.27771663665771,18.9908542633057
"2024-05-04 23:30:00.0000",11.87,74.89,2.83075356483459,6.64732599258423,14.8682041168213
"2024-05-04 23:21:09.0000",,,,,
"2024-05-04 23:40:00.0000",11.84,75.2,3.52737617492676,7.86374473571777,21.0347194671631
"2024-05-04 23:38:38.0000",,,,,
"2024-05-05 00:00:00.0000",11.69,74.51,2.90581941604614,7.15784740447998,20.9721775054932
"2024-05-04 23:50:00.0000",11.79,74.86,3.40678596496582,7.91584730148315,18.9955673217773
"2024-05-04 23:56:08.0000",,,,,
"2024-05-05 00:10:00.0000",11.63,74.22,2.54828977584839,5.74003219604492,14.4344034194946
"2024-05-05 00:14:36.0000",,,,,
"2024-05-05 00:20:00.0000",11.62,74,3.18706297874451,7.1018648147583,14.4274969100952
"2024-05-05 00:30:00.0000",11.66,74.33,3.93714547157288,8.93137454986572,24.2053985595703
"2024-05-05 00:31:08.0000",,,,,
"2024-05-05 00:40:00.0000",11.63,74.8,3.58811926841736,7.40346097946167,12.8333330154419
"2024-05-05 00:50:00.0000",11.52,74.61,3.38453769683838,8.54971027374268,34.6906356811523
"2024-05-05 01:00:00.0000",11.45,74.63,3.34155535697937,6.81905651092529,18.0206756591797
"2024-05-05 00:48:38.0000",,,,,
"2024-05-05 01:10:00.0000",11.41,74.83,4.09625959396362,7.42315816879272,14.0094814300537
"2024-05-05 01:06:07.0000",,,,,
"2024-05-05 01:20:00.0000",11.34,75.26,3.82624125480652,7.59504318237305,23.3215923309326
"2024-05-05 01:30:00.0000",11.22,76.69,3.85094809532166,6.8758430480957,14.2172346115112
"2024-05-05 01:24:33.0000",,,,,
"2024-05-05 01:40:00.0000",11.15,76.68,4.12073993682861,7.43841505050659,17.7688846588135
"2024-05-05 01:41:07.0000",,,,,
"2024-05-05 01:50:00.0000",11.14,76.61,4.42395067214966,8.73584842681885,15.3941326141357
"2024-05-05 02:00:00.0000",11.15,76.13,4.03127717971802,8.07731533050537,19.6886425018311
"2024-05-05 01:58:37.0000",,,,,
"2024-05-05 02:10:00.0000",11.16,76.12,4.64089584350586,9.78926753997803,21.7607688903809
"2024-05-05 02:16:05.0000",,,,,
"2024-05-05 02:20:00.0000",11.09,77.05,4.63926315307617,8.96758556365967,17.0430469512939
"2024-05-05 02:30:00.0000",10.96,76.32,3.58067393302917,6.71541118621826,12.525897026062
"2024-05-05 02:40:00.0000",10.91,75.63,2.86042237281799,6.50556802749634,12.0545463562012
"2024-05-05 02:34:32.0000",,,,,
"2024-05-05 02:50:00.0000",10.9,74.86,2.59438681602478,4.94000482559204,16.1148643493652
"2024-05-05 03:00:00.0000",10.87,74.16,2.33089423179626,5.61124610900879,13.620924949646
"2024-05-05 02:51:04.0000",,,,,
"2024-05-05 03:10:00.0000",10.88,73.72,2.90110445022583,6.0538125038147,11.5909595489502
"2024-05-05 03:08:35.0000",,,,,
"2024-05-05 03:30:00.0000",10.86,73.52,2.55738639831543,5.2347240447998,10.7083644866943
"2024-05-05 03:20:00.0000",10.85,73.62,3.15091848373413,6.7072606086731,14.8166246414185
"2024-05-05 03:26:05.0000",,,,,
"2024-05-05 03:40:00.0000",10.84,73.7,2.90975284576416,5.99757289886475,15.275089263916
"2024-05-05 03:44:35.0000",,,,,
"2024-05-05 03:50:00.0000",10.82,73.88,2.77774572372437,5.75405550003052,12.3317394256592
"2024-05-05 04:00:00.0000",10.76,74,2.6490204334259,4.45396757125854,9.64506340026855
"2024-05-05 04:01:04.0000",,,,,
"2024-05-05 04:10:00.0000",10.71,74.2,3.25550389289856,6.8712043762207,17.2541198730469
"2024-05-05 04:18:33.0000",,,,,
"2024-05-05 04:20:00.0000",10.69,74.41,3.22300314903259,6.15471220016479,12.85205078125
"2024-05-05 04:30:00.0000",10.63,74.6,3.27887082099915,6.55366849899292,14.654278755188
"2024-05-05 04:40:00.0000",10.59,74.46,3.19190192222595,6.04856586456299,11.7441387176514
"2024-05-05 04:36:08.0000",,,,,
"2024-05-05 04:50:00.0000",10.51,74.5,2.94079327583313,5.18994569778442,8.28684043884277
"2024-05-05 05:00:00.0000",10.49,74.86,3.08598184585571,6.19686031341553,19.0958156585693
"2024-05-05 04:54:34.0000",,,,,
"2024-05-05 05:10:00.0000",10.4,74.96,2.80414438247681,5.14007377624512,8.65178489685059
"2024-05-05 05:11:06.0000",,,,,
"2024-05-05 05:20:00.0000",10.31,74.69,2.79798913002014,5.72969055175781,13.7484092712402
"2024-05-05 05:30:00.0000",10.25,74.54,3.04531002044678,5.91544628143311,9.81665897369385
"2024-05-05 05:40:00.0000",10.21,74.47,2.55627107620239,4.19114971160889,7.81343412399292
"2024-05-05 05:28:36.0000",,,,,
"2024-05-05 05:46:05.0000",,,,,
"2024-05-05 05:50:00.0000",10.18,74.45,3.22321915626526,5.72778224945068,9.28139495849609
"2024-05-05 06:10:00.0000",10.6,74.11,3.25914907455444,6.90719175338745,20.6768398284912
"2024-05-05 06:00:00.0000",10.39,74.69,2.98227977752686,5.39494895935059,14.2227640151978
"2024-05-05 06:04:33.0000",,,,,
"2024-05-05 06:30:00.0000",10.75,72.79,3.09907507896423,5.72381973266602,10.7471809387207
"2024-05-05 06:20:00.0000",10.7,72.8,3.07824921607971,5.8618335723877,12.6637277603149
"2024-05-05 06:21:05.0000",,,,,
"2024-05-05 06:40:00.0000",10.78,72.11,2.82337880134583,5.73682355880737,15.0412817001343
"2024-05-05 06:50:00.0000",10.76,71.97,3.04099869728088,6.05450677871704,18.4570579528809
"2024-05-05 07:00:00.0000",10.78,72.31,2.72309041023254,6.16516447067261,12.9989128112793
"2024-05-05 06:38:36.0000",,,,,
"2024-05-05 07:10:00.0000",10.78,72.21,2.8748140335083,5.86325883865356,12.3247499465942
"2024-05-05 07:20:00.0000",11,71.77,2.79046249389648,5.3304123878479,10.6852779388428
"2024-05-05 06:56:04.0000",,,,,
"2024-05-05 07:14:34.0000",,,,,
"2024-05-05 07:40:00.0000",11.3,70.61,3.09881281852722,6.03246784210205,10.6707983016968
"2024-05-05 07:30:00.0000",11.13,71.26,3.16987729072571,6.57976198196411,13.8075008392334
"2024-05-05 07:50:00.0000",11.44,71.38,3.19897675514221,6.50591421127319,21.0514278411865
"2024-05-05 07:31:04.0000",,,,,
"2024-05-05 08:10:00.0000",12.11,70.35,2.78454923629761,6.24054336547852,14.8143529891968
"2024-05-05 08:00:00.0000",11.75,71.1,3.1408576965332,5.94405221939087,16.1934719085693
"2024-05-05 07:48:33.0000",,,,,
"2024-05-05 08:06:03.0000",,,,,
"2024-05-05 08:30:00.0000",12.8,68.71,2.89482593536377,5.07803106307983,10.3819303512573
"2024-05-05 08:20:00.0000",12.54,69.24,2.67282438278198,5.48161697387695,11.1274337768555
"2024-05-05 08:40:00.0000",12.94,69.04,3.09014248847961,5.62648296356201,14.7833204269409
"2024-05-05 08:50:00.0000",12.88,68.95,3.56375002861023,7.05671977996826,16.8614940643311
"2024-05-05 08:24:35.0000",,,,,
"2024-05-05 09:00:00.0000",13.15,68.65,3.90975284576416,7.02138137817383,16.9147415161133
"2024-05-05 08:41:02.0000",,,,,
"2024-05-05 09:10:00.0000",13.58,67.17,3.35468006134033,6.88265657424927,13.7774705886841
"2024-05-05 08:58:37.0000",,,,,
"2024-05-05 09:20:00.0000",14.06,65.12,2.97884750366211,6.56967639923096,12.4391288757324
"2024-05-05 09:40:00.0000",14.91,59.82,2.48417091369629,5.60184907913208,15.883358001709
"2024-05-05 09:30:00.0000",14.59,62.99,3.56717729568481,7.73303413391113,21.5123119354248
"2024-05-05 09:16:06.0000",,,,,
"2024-05-05 09:50:00.0000",15.34,54.7,1.27656221389771,3.13851189613342,11.0391311645508
"2024-05-05 09:34:33.0000",,,,,
"2024-05-05 10:00:00.0000",15.7,54.19,1.30448603630066,3.22312712669373,6.39857530593872
"2024-05-05 10:10:00.0000",16.05,55.09,2.06058406829834,4.84040307998657,12.0118703842163
"2024-05-05 09:51:06.0000",,,,,
"2024-05-05 10:08:34.0000",,,,,
"2024-05-05 10:30:00.0000",16.7,54.54,1.78410446643829,4.0030665397644,9.95408058166504
"2024-05-05 10:20:00.0000",16.75,54.15,1.41757369041443,2.30740213394165,7.82756423950195
"2024-05-05 10:40:00.0000",16.93,52.83,1.68674683570862,5.00436878204346,16.3285255432129
"2024-05-05 10:50:00.0000",18.11,47.63,0.62981653213501,1.55651497840881,4.24980497360229
"2024-05-05 10:26:05.0000",,,,,
"2024-05-05 10:44:35.0000",,,,,
"2024-05-05 11:00:00.0000",18.76,40,0.447335124015808,1.64490246772766,4.8341588973999
"2024-05-05 10:56:02.0000",,,,,
"2024-05-05 11:01:03.0000",,,,,
"2024-05-05 11:10:00.0000",19.03,41.53,0.728461384773254,2.03238701820374,4.95026254653931
"2024-05-05 11:18:33.0000",,,,,
"2024-05-05 11:20:00.0000",19.85,40.16,0.8303382396698,2.64795923233032,6.95949506759644
"2024-05-05 11:30:00.0000",19.96,40.93,0.788506329059601,2.13633108139038,8.6245059967041
"2024-05-05 11:40:00.0000",19.4,43.25,2.05544781684875,3.95531129837036,9.9818000793457
"2024-05-05 11:36:02.0000",,,,,
"2024-05-05 11:50:00.0000",19.55,43.59,1.35009384155273,4.27638912200928,13.7721376419067
"2024-05-05 12:00:00.0000",19.81,42.61,0.950005114078522,2.59405112266541,5.46448612213135
"2024-05-05 11:54:34.0000",,,,,
"2024-05-05 12:10:00.0000",19.96,41.88,1.19166445732117,2.87660765647888,5.76156568527222
"2024-05-05 12:11:02.0000",,,,,
"2024-05-05 12:20:00.0000",20.02,41.31,1.22016358375549,3.44433403015137,8.37014389038086
"2024-05-05 12:30:00.0000",20.35,39.9,1.2526251077652,3.50372648239136,15.2199974060059
"2024-05-05 12:28:31.0000",,,,,
"2024-05-05 12:40:00.0000",20.78,36.5,0.787290096282959,2.39309501647949,9.15978050231934
"2024-05-05 12:46:03.0000",,,,,
"2024-05-05 12:50:00.0000",21.64,36.82,0.788730025291443,2.48770689964294,5.51956653594971
"2024-05-05 13:00:00.0000",21.02,36.93,1.02345657348633,2.57007837295532,5.415611743927
"2024-05-05 13:10:00.0000",20.77,37.49,0.947709083557129,2.12144207954407,9.60080051422119
"2024-05-05 13:04:34.0000",,,,,
"2024-05-05 13:20:00.0000",21.21,37.04,1.02823650836945,3.32987332344055,14.123911857605
"2024-05-05 13:30:00.0000",20.73,35.91,1.72953593730927,4.33029699325562,10.8720750808716
"2024-05-05 13:21:02.0000",,,,,
"2024-05-05 13:40:00.0000",21.08,36.04,1.05129361152649,2.85563635826111,9.8218297958374
"2024-05-05 13:38:29.0000",,,,,
"2024-05-05 14:00:00.0000",21.5,36.29,0.675759673118591,1.99301028251648,5.82860088348389
"2024-05-05 13:50:00.0000",21.38,37.32,0.95332407951355,2.32792854309082,11.1247072219849
"2024-05-05 13:56:00.0000",,,,,
"2024-05-05 14:10:00.0000",22.01,36.46,0.635676443576813,2.15609312057495,7.43068504333496
"2024-05-05 14:20:00.0000",21.95,34.87,0.594478130340576,2.09048962593079,6.29185152053833
"2024-05-05 14:14:32.0000",,,,,
"2024-05-05 14:30:00.0000",21.45,35.88,0.568721413612366,2.15285491943359,7.92801380157471
"2024-05-05 14:30:59.0000",,,,,
"2024-05-05 14:40:00.0000",21.6,36.24,0.664571285247803,2.14314317703247,10.1468935012817
"2024-05-05 14:50:00.0000",22.44,34.62,0.622734189033508,1.91692340373993,17.1069641113281
"2024-05-05 14:48:30.0000",,,,,
"2024-05-05 15:00:00.0000",22.69,36.16,0.747160136699677,2.21014070510864,8.49020576477051
"2024-05-05 15:10:00.0000",22.48,35.02,0.542678356170654,1.71063590049744,9.21834850311279
"2024-05-05 15:05:59.0000",,,,,
"2024-05-05 15:20:00.0000",22.5,36.04,0.953351259231567,2.75281548500061,6.21500444412231
"2024-05-05 15:30:00.0000",23.46,34.4,0.870680570602417,2.71555495262146,7.46195459365845
"2024-05-05 15:24:28.0000",,,,,
"2024-05-05 15:40:00.0000",23.86,33.99,0.602741897106171,1.90993440151215,9.89295864105225
"2024-05-05 15:41:03.0000",,,,,
"2024-05-05 15:50:00.0000",23.23,34.74,0.529644131660461,2.10341286659241,5.36527681350708
"2024-05-05 16:00:00.0000",22.99,35.92,0.50445294380188,1.52092552185059,4.84176301956177
"2024-05-05 15:58:32.0000",,,,,
"2024-05-05 16:10:00.0000",23.09,35.91,0.902764797210693,3.10407543182373,26.6910037994385
"2024-05-05 16:20:00.0000",22.75,36.51,0.516708076000214,1.51136660575867,3.98738312721252
"2024-05-05 16:16:02.0000",,,,,
"2024-05-05 16:30:00.0000",21.45,38.55,0.600425064563751,2.44200110435486,9.58093452453613
"2024-05-05 16:40:00.0000",21.66,38.34,0.770657360553741,2.14750719070435,7.10443210601807
"2024-05-05 16:34:28.0000",,,,,
"2024-05-05 16:50:00.0000",22.11,35.24,0.740865528583527,3.04968810081482,19.906379699707
"2024-05-05 17:00:00.0000",21.98,35.81,0.542147159576416,2.04542231559753,6.74199390411377
"2024-05-05 16:51:00.0000",,,,,
"2024-05-05 17:10:00.0000",21.74,37.74,0.554863393306732,2.2882091999054,10.3103675842285
"2024-05-05 17:08:30.0000",,,,,
"2024-05-05 17:30:00.0000",20.74,36.84,0.673098921775818,1.7231822013855,5.38116025924683
"2024-05-05 17:20:00.0000",21.14,36.92,0.719918429851532,2.53381109237671,8.30217361450195
"2024-05-05 17:26:00.0000",,,,,
"2024-05-05 17:40:00.0000",21.03,35.76,1.04522371292114,2.42563223838806,9.90221405029297
"2024-05-05 17:44:31.0000",,,,,
"2024-05-05 17:50:00.0000",21.18,36.09,1.28980088233948,3.00373578071594,6.00791788101196
"2024-05-05 18:00:00.0000",20.95,36.11,0.917405724525452,2.56027603149414,10.103364944458
"2024-05-05 18:01:00.0000",,,,,
"2024-05-05 18:10:00.0000",21.22,35.26,1.86777496337891,3.94674134254456,9.26393222808838
"2024-05-05 18:18:28.0000",,,,,
"2024-05-05 18:20:00.0000",20.71,35.71,1.21003425121307,2.47978019714355,6.35159730911255
"2024-05-05 18:30:00.0000",20.54,35.7,1.37697386741638,3.76807022094727,9.39136695861816
"2024-05-05 18:40:00.0000",20.48,35.58,1.10307657718658,2.9952130317688,8.10531997680664
"2024-05-05 18:35:58.0000",,,,,
"2024-05-05 18:50:00.0000",19.54,36.33,1.29156839847565,2.49760150909424,9.56398105621338
"2024-05-05 19:00:00.0000",19.01,37.65,1.15289282798767,2.84126925468445,6.16207981109619
"2024-05-05 18:54:29.0000",,,,,
"2024-05-05 19:10:00.0000",18.62,38.35,1.367302775383,3.29991626739502,10.5332641601562
"2024-05-05 19:20:00.0000",18.06,39.6,1.93611872196198,4.12404823303223,11.1855421066284
"2024-05-05 19:10:58.0000",,,,,
"2024-05-05 19:30:00.0000",17.69,40.36,2.58418583869934,5.1651759147644,10.1102094650269
"2024-05-05 19:28:28.0000",,,,,
"2024-05-05 19:40:00.0000",17.34,41.29,1.58252847194672,3.56627869606018,7.73092079162598
"2024-05-05 19:46:02.0000",,,,,
"2024-05-05 19:50:00.0000",16.93,43.27,1.20737671852112,2.95972728729248,13.7938585281372
"2024-05-05 20:00:00.0000",16.6,46.11,1.38354349136353,3.36385226249695,7.74298429489136
"2024-05-05 20:10:00.0000",16.46,47.03,1.94585573673248,3.93283677101135,8.13389682769775
"2024-05-05 20:04:28.0000",,,,,
"2024-05-05 20:20:00.0000",16.18,47.82,2.11702966690063,4.62286376953125,8.80654335021973
"2024-05-05 20:30:00.0000",15.95,48.3,2.79914903640747,5.64874029159546,10.9301280975342
"2024-05-05 20:21:02.0000",,,,,
"2024-05-05 20:40:00.0000",15.47,49.4,1.37482953071594,2.88079905509949,8.64624309539795
"2024-05-05 20:38:31.0000",,,,,
"2024-05-05 20:50:00.0000",15.52,49.31,2.88108015060425,5.15518522262573,12.583025932312
"2024-05-05 21:00:00.0000",15.46,49.17,2.57623410224915,5.35480356216431,10.1803598403931
"2024-05-05 20:56:01.0000",,,,,
"2024-05-05 21:10:00.0000",15.35,49.13,3.11674809455872,6.05794954299927,11.0645246505737
"2024-05-05 21:14:31.0000",,,,,
"2024-05-05 21:20:00.0000",15.17,52.6,3.40742230415344,6.43388271331787,13.2177858352661
"2024-05-05 21:30:00.0000",14.95,53.68,2.69290685653687,6.03625011444092,13.2259140014648
"2024-05-05 21:30:59.0000",,,,,
"2024-05-05 21:40:00.0000",14.73,57.91,2.04273629188538,4.4022159576416,11.0826749801636
"2024-05-05 21:48:29.0000",,,,,
"2024-05-05 21:50:00.0000",14.47,60.45,1.98825418949127,4.30641794204712,10.9702262878418
"2024-05-05 22:00:00.0000",14.29,62.84,2.09667873382568,5.54860544204712,13.4062414169312
"2024-05-05 22:10:00.0000",14.08,64.32,2.13401770591736,5.81156778335571,17.2929363250732
"2024-05-05 22:06:00.0000",,,,,
"2024-05-05 22:20:00.0000",13.68,65.71,2.36387705802917,4.46287488937378,10.0527591705322
"2024-05-05 22:30:00.0000",13.41,68.26,3.12983393669128,6.23019170761108,13.7506952285767
"2024-05-05 22:24:30.0000",,,,,
"2024-05-05 22:50:00.0000",12.9,75.94,4.77369213104248,8.13816356658936,14.4688196182251
"2024-05-05 22:40:00.0000",13.2,72.64,3.46380925178528,6.65413761138916,13.3857927322388
"2024-05-05 22:40:58.0000",,,,,
"2024-05-05 23:00:00.0000",12.75,76.11,4.67786455154419,8.76077270507812,21.7887878417969
"2024-05-05 22:58:28.0000",,,,,
"2024-05-05 23:10:00.0000",12.71,76.48,4.67720460891724,8.04970932006836,17.9332275390625
"2024-05-05 23:15:57.0000",,,,,
"2024-05-05 23:20:00.0000",12.64,76.87,4.256028175354,8.39288997650146,15.3042058944702
"2024-05-05 23:30:00.0000",12.46,78.04,5.61479806900024,10.6220331192017,19.7632617950439
"2024-05-05 23:40:00.0000",12.33,78.19,6.13443231582642,11.1277675628662,20.1978797912598
"2024-05-05 23:34:29.0000",,,,,
"2024-05-05 23:50:00.0000",12.26,79.14,6.08898687362671,10.675350189209,22.022367477417
"2024-05-06 00:00:00.0000",12.15,79.37,5.71674156188965,10.3582286834717,25.2924423217773
"2024-05-05 23:50:57.0000",,,,,
"2024-05-06 00:10:00.0000",12.12,79.96,6.3958945274353,10.8006553649902,23.7266750335693
"2024-05-06 00:08:32.0000",,,,,
"2024-05-06 00:20:00.0000",12.06,79.97,6.5987343788147,11.7439575195312,22.1272621154785
"2024-05-06 00:30:00.0000",12.07,80.26,6.81783533096313,12.8087968826294,22.5286808013916
"2024-05-06 00:26:00.0000",,,,,
"2024-05-06 00:40:00.0000",12.06,80.04,6.26386260986328,10.6753053665161,20.7379550933838
"2024-05-06 00:44:33.0000",,,,,
"2024-05-06 00:50:00.0000",12.12,79.71,5.36308670043945,8.78524112701416,15.0740280151367
"2024-05-06 01:00:00.0000",12.15,79.65,5.41405200958252,9.18869018554688,14.7011823654175
"2024-05-06 01:01:00.0000",,,,,
"2024-05-06 01:10:00.0000",12.22,79.51,5.96696615219116,9.18482398986816,13.8508338928223
"2024-05-06 01:20:00.0000",12.26,79.25,5.86160945892334,9.11361217498779,17.5899105072021
"2024-05-06 01:18:30.0000",,,,,
"2024-05-06 01:30:00.0000",12.33,79.24,5.5452766418457,8.72122097015381,14.8359994888306
"2024-05-06 01:40:00.0000",12.29,79.37,5.2781400680542,8.3073558807373,14.7531070709229
"2024-05-06 01:35:58.0000",,,,,
"2024-05-06 01:50:00.0000",12.29,79.43,5.40019273757935,8.70495414733887,15.196026802063
"2024-05-06 02:00:00.0000",12.23,79.77,5.69533205032349,8.87625694274902,12.6589851379395
"2024-05-06 01:54:30.0000",,,,,
"2024-05-06 02:10:00.0000",12.18,79.71,6.83807420730591,10.8002328872681,18.4873123168945
"2024-05-06 02:10:59.0000",,,,,
"2024-05-06 02:20:00.0000",12.2,79.57,7.02379179000854,10.1944980621338,19.1147365570068
"2024-05-06 02:30:00.0000",12.16,79.67,7.37439250946045,11.2290410995483,16.0038089752197
"2024-05-06 02:28:29.0000",,,,,
"2024-05-06 02:40:00.0000",12.13,79.89,7.325355052948,11.0751123428345,18.3785781860352
"2024-05-06 02:50:00.0000",12.1,79.95,7.96624708175659,12.3478574752808,19.394229888916
"2024-05-06 02:45:58.0000",,,,,
"2024-05-06 03:00:00.0000",12.04,80.42,8.53875160217285,12.9134464263916,21.1893367767334
"2024-05-06 03:10:00.0000",12.05,80.65,7.51229333877563,11.1630811691284,19.4764804840088
"2024-05-06 03:04:23.0000",,,,,
"2024-05-06 03:20:00.0000",12.03,80.73,9.23953247070312,13.7474164962769,21.6659202575684
"2024-05-06 03:30:00.0000",12,81.31,7.99180841445923,11.4002313613892,22.4976844787598
"2024-05-06 03:20:56.0000",,,,,
"2024-05-06 03:40:00.0000",12.01,81.56,6.71065759658813,10.0018472671509,17.019079208374
"2024-05-06 03:38:27.0000",,,,,
"2024-05-06 03:50:00.0000",11.96,82.94,5.61787128448486,8.01406860351562,13.678204536438
"2024-05-06 04:00:00.0000",11.96,82.85,5.10451364517212,7.18792819976807,10.6862049102783
"2024-05-06 03:55:56.0000",,,,,
"2024-05-06 04:20:00.0000",12.09,82.63,4.52289915084839,6.32417774200439,13.0469093322754
"2024-05-06 04:10:00.0000",12.02,82.4,4.41394805908203,6.37487840652466,9.82755279541016
"2024-05-06 04:14:22.0000",,,,,
"2024-05-06 04:30:00.0000",12.11,82.38,4.27358436584473,6.27208185195923,10.4376382827759
"2024-05-06 04:30:55.0000",,,,,
"2024-05-06 04:40:00.0000",12.07,82.49,4.95261144638062,7.101966381073,13.0821390151978
"2024-05-06 04:50:00.0000",12.06,82.73,5.61659288406372,8.61245346069336,12.5872735977173
"2024-05-06 04:48:24.0000",,,,,
"2024-05-06 05:00:00.0000",12.1,82.55,6.1580662727356,9.50310707092285,13.6232042312622
"2024-05-06 05:10:00.0000",12.13,82.51,7.67911911010742,11.6529550552368,18.7631530761719
"2024-05-06 05:05:53.0000",,,,,
"2024-05-06 05:20:00.0000",12.16,82.71,7.9744930267334,11.6107616424561,22.6599903106689
"2024-05-06 05:30:00.0000",12.18,83.17,6.67496013641357,9.94544219970703,14.9641828536987
"2024-05-06 05:24:26.0000",,,,,
"2024-05-06 05:40:00.0000",12.23,82.93,7.85195255279541,11.4014101028442,15.1725015640259
"2024-05-06 05:50:00.0000",12.24,82.8,7.11562585830688,10.7670803070068,16.8909492492676
"2024-05-06 05:40:53.0000",,,,,
"2024-05-06 06:00:00.0000",12.31,82.78,6.01882743835449,8.48475551605225,11.6344776153564
"2024-05-06 05:58:25.0000",,,,,
"2024-05-06 06:10:00.0000",12.4,82.36,5.90869855880737,9.60251235961914,15.0924654006958
"2024-05-06 06:20:00.0000",12.45,82.18,5.18106555938721,7.90349912643433,12.7860422134399
"2024-05-06 06:15:54.0000",,,,,
"2024-05-06 06:30:00.0000",12.46,82.34,4.76887512207031,7.95905542373657,15.9492740631104
"2024-05-06 06:34:25.0000",,,,,
"2024-05-06 06:40:00.0000",12.51,81.9,4.74894094467163,8.02386856079102,14.0380954742432
"2024-05-06 06:50:00.0000",12.62,81.72,5.69303321838379,8.18566703796387,11.5063381195068
"2024-05-06 06:50:58.0000",,,,,
"2024-05-06 07:00:00.0000",12.78,81.26,6.86293983459473,9.99553966522217,14.7220392227173
"2024-05-06 07:10:00.0000",12.77,80.33,5.67267560958862,8.5923023223877,16.0099067687988
"2024-05-06 07:08:27.0000",,,,,
"2024-05-06 07:20:00.0000",12.72,80.34,6.01153039932251,9.44637298583984,16.5235652923584
"2024-05-06 07:30:00.0000",12.74,80.63,5.62237501144409,9.62404918670654,20.3412094116211
"2024-05-06 07:25:56.0000",,,,,
"2024-05-06 07:40:00.0000",12.8,80.44,4.69126462936401,9.20349597930908,16.2451953887939
"2024-05-06 07:50:00.0000",12.76,80.24,4.48077201843262,7.32274198532104,13.9863185882568
"2024-05-06 07:44:22.0000",,,,,
"2024-05-06 08:00:00.0000",12.55,80.35,6.17684650421143,9.60260486602783,19.7891807556152
"2024-05-06 08:00:57.0000",,,,,
"2024-05-06 08:10:00.0000",12.29,81.19,5.76469373703003,8.03015613555908,12.5281887054443
"2024-05-06 08:20:00.0000",12.1,81.96,8.90612316131592,13.0993986129761,24.6960372924805
"2024-05-06 08:18:26.0000",,,,,
"2024-05-06 08:30:00.0000",12.13,82.56,9.79517364501953,14.2657766342163,24.3457183837891
"2024-05-06 08:35:55.0000",,,,,
"2024-05-06 08:40:00.0000",12.12,82.64,7.78519678115845,11.6226415634155,16.354959487915
"2024-05-06 08:50:00.0000",12.13,82.13,6.14490699768066,9.56297588348389,14.0377378463745
"2024-05-06 09:00:00.0000",12.24,82.26,5.74288702011108,8.56848812103271,13.5429573059082
"2024-05-06 08:54:27.0000",,,,,
"2024-05-06 09:20:00.0000",12.6,81.1,5.21824407577515,8.21212863922119,13.4604110717773
"2024-05-06 09:10:00.0000",12.39,81.48,5.81188201904297,8.71631240844727,16.5223007202148
"2024-05-06 09:10:54.0000",,,,,
"2024-05-06 09:30:00.0000",12.83,79.65,3.80116868019104,5.66365242004395,9.5219783782959
"2024-05-06 09:28:24.0000",,,,,
"2024-05-06 09:50:00.0000",13.1,78.42,2.55691504478455,4.11157464981079,15.2177333831787
"2024-05-06 09:40:00.0000",12.97,78.82,3.95012211799622,5.72818326950073,10.6342277526855
"2024-05-06 09:45:54.0000",,,,,
"2024-05-06 10:00:00.0000",13.17,78.59,3.1731116771698,5.18339586257935,9.92013359069824
"2024-05-06 10:10:00.0000",13.16,78.67,3.2874755859375,5.58178281784058,14.0465221405029
"2024-05-06 10:20:00.0000",13.15,78.82,3.27971506118774,5.98912525177002,11.2793827056885
"2024-05-06 10:04:23.0000",,,,,
"2024-05-06 10:20:53.0000",,,,,
"2024-05-06 10:30:00.0000",13.15,78.42,3.69378590583801,5.31154441833496,8.16181373596191
"2024-05-06 10:40:00.0000",13.02,78.66,5.11383819580078,8.5633430480957,15.5237445831299
"2024-05-06 10:50:00.0000",12.96,78.71,3.75473022460938,5.74249076843262,10.723331451416
"2024-05-06 10:38:24.0000",,,,,
"2024-05-06 11:00:00.0000",13.02,78.77,3.7159743309021,6.38750791549683,10.0119800567627
"2024-05-06 10:55:57.0000",,,,,
"2024-05-06 10:56:18.0000",,,,,
"2024-05-06 11:10:00.0000",12.87,78.76,5.0686616897583,8.43273639678955,13.0565948486328
"2024-05-06 11:20:00.0000",13.18,78.39,3.80706453323364,7.36746883392334,12.2682371139526
"2024-05-06 11:14:24.0000",,,,,
"2024-05-06 11:30:00.0000",13.42,78.08,4.67699384689331,8.31301212310791,13.7814426422119
"2024-05-06 11:30:56.0000",,,,,
"2024-05-06 11:40:00.0000",13.52,76.92,2.97433638572693,4.95172166824341,9.22044944763184
"2024-05-06 11:50:00.0000",13.82,75,2.86277604103088,5.5942497253418,9.63118553161621
"2024-05-06 11:48:25.0000",,,,,
"2024-05-06 12:00:00.0000",13.84,74.35,3.019371509552,6.33948564529419,11.6234426498413
"2024-05-06 12:10:00.0000",13.98,73.36,2.54653787612915,5.02795124053955,9.98842620849609
"2024-05-06 12:05:56.0000",,,,,
"2024-05-06 12:20:00.0000",14.13,72.52,2.44891953468323,5.29786396026611,12.5193290710449
"2024-05-06 12:30:00.0000",14.17,72.63,2.8058762550354,5.09880304336548,10.5047616958618
"2024-05-06 12:24:26.0000",,,,,
"2024-05-06 12:40:00.0000",14.44,72.1,2.56348156929016,4.48189735412598,9.33814334869385
"2024-05-06 12:50:00.0000",14.89,70.49,2.45529961585999,5.00791358947754,12.3903551101685
"2024-05-06 12:40:55.0000",,,,,
"2024-05-06 13:00:00.0000",15.07,69.25,2.85584545135498,5.60291957855225,8.90723514556885
"2024-05-06 12:58:23.0000",,,,,
"2024-05-06 13:20:00.0000",15.14,68.35,1.81237959861755,3.90601253509521,7.91468095779419
"2024-05-06 13:10:00.0000",15.13,68.33,1.60976374149323,3.51623296737671,7.00490856170654
"2024-05-06 13:15:54.0000",,,,,
"2024-05-06 13:30:00.0000",15.57,67.61,2.06435084342957,3.72162532806396,8.17496681213379
"2024-05-06 13:34:25.0000",,,,,
"2024-05-06 13:40:00.0000",15.52,67.59,2.36013388633728,3.90313124656677,6.82185506820679
"2024-05-06 13:50:00.0000",15.58,66.51,2.53969311714172,4.25109195709229,9.09534454345703
"2024-05-06 13:50:54.0000",,,,,
"2024-05-06 14:00:00.0000",15.92,65.63,2.58951759338379,4.49588632583618,14.0250568389893
"2024-05-06 14:10:00.0000",16.18,64.63,2.50922822952271,3.64798498153687,6.0859260559082
"2024-05-06 14:20:00.0000",16.36,64.25,2.32437658309937,4.07112169265747,12.7361431121826
"2024-05-06 14:08:23.0000",,,,,
"2024-05-06 14:30:00.0000",16.36,63.56,2.20880651473999,4.509108543396,9.74543857574463
"2024-05-06 14:25:53.0000",,,,,
"2024-05-06 14:50:00.0000",16.04,63.03,2.81524848937988,5.90951442718506,13.2848634719849
"2024-05-06 14:40:00.0000",16.66,62.73,2.27927875518799,3.9694607257843,13.0510663986206
"2024-05-06 14:44:22.0000",,,,,
"2024-05-06 15:00:00.0000",15.01,64.91,2.8601348400116,5.23510265350342,15.676739692688
"2024-05-06 15:00:53.0000",,,,,
"2024-05-06 15:10:00.0000",14.46,67.34,2.9440221786499,6.01433563232422,10.3773422241211
"2024-05-06 15:20:00.0000",13.97,69.1,3.0034339427948,5.71808815002441,19.4794502258301
"2024-05-06 15:18:21.0000",,,,,
"2024-05-06 15:30:00.0000",13.8,70.2,3.60046529769897,6.48471069335938,17.3050365447998
"2024-05-06 15:35:50.0000",,,,,
"2024-05-06 15:40:00.0000",13.71,70.42,3.7488386631012,8.28984355926514,19.6066207885742
"2024-05-06 15:50:00.0000",13.57,71.56,3.65860176086426,6.96206521987915,11.7123985290527
"2024-05-06 16:00:00.0000",13.46,71.91,3.46220946311951,6.45230674743652,13.2695169448853
"2024-05-06 15:54:18.0000",,,,,
"2024-05-06 16:20:00.0000",13.26,72.58,3.57187986373901,6.50721168518066,11.4161891937256
"2024-05-06 16:10:00.0000",13.35,72.29,3.99988150596619,7.71380186080933,20.845287322998
"2024-05-06 16:10:49.0000",,,,,
"2024-05-06 16:30:00.0000",13.26,72.89,3.31862926483154,5.71752166748047,10.9808855056763
"2024-05-06 16:28:20.0000",,,,,
"2024-05-06 16:40:00.0000",13.13,72.29,3.1919846534729,5.39962673187256,13.0014410018921
"2024-05-06 16:50:00.0000",13.24,72.63,3.19896864891052,5.69897651672363,12.9874811172485
"2024-05-06 17:00:00.0000",13.23,72.67,3.3587281703949,6.88317966461182,13.1591558456421
"2024-05-06 16:45:50.0000",,,,,
"2024-05-06 17:10:00.0000",12.97,73.24,3.50983357429504,6.19818496704102,9.7244701385498
"2024-05-06 17:20:00.0000",12.91,74.1,2.84201169013977,4.83909130096436,8.61100101470947
"2024-05-06 17:04:21.0000",,,,,
"2024-05-06 17:20:52.0000",,,,,
"2024-05-06 17:30:00.0000",12.9,73.53,2.54609227180481,4.19216108322144,8.93135929107666
"2024-05-06 17:40:00.0000",12.87,73.93,2.5949559211731,4.9248423576355,15.7860317230225
"2024-05-06 17:50:00.0000",12.9,73.91,2.64414763450623,4.0848069190979,10.2346601486206
"2024-05-06 17:38:22.0000",,,,,
"2024-05-06 18:00:00.0000",12.84,73.84,2.96307325363159,4.80537748336792,9.66673374176025
"2024-05-06 17:55:53.0000",,,,,
"2024-05-06 18:10:00.0000",12.55,74.77,3.1979968547821,5.29440641403198,11.2313175201416
"2024-05-06 18:20:00.0000",12.4,75.53,4.20080089569092,7.61269521713257,11.9308052062988
"2024-05-06 18:14:18.0000",,,,,
"2024-05-06 18:30:00.0000",12.36,76.03,4.72566366195679,7.39325857162476,11.3889665603638
"2024-05-06 18:30:51.0000",,,,,
"2024-05-06 18:40:00.0000",12.51,76.59,4.81337451934814,8.2233190536499,12.2203559875488
"2024-05-06 18:50:00.0000",12.64,76.46,3.89088082313538,6.33665180206299,10.8635873794556
"2024-05-06 18:48:21.0000",,,,,
"2024-05-06 19:00:00.0000",12.68,76.9,3.52931642532349,5.68874359130859,13.509578704834
"2024-05-06 19:05:58.0000",,,,,
"2024-05-06 19:10:00.0000",12.69,76.88,3.58628058433533,5.87735986709595,10.0637016296387
"2024-05-06 19:20:00.0000",12.73,76.62,3.51875567436218,6.19162321090698,13.4661474227905
"2024-05-06 19:30:00.0000",12.83,76.38,4.1593713760376,6.80756568908691,10.8116073608398
"2024-05-06 19:24:17.0000",,,,,
"2024-05-06 19:40:00.0000",12.91,76.56,3.70072937011719,6.65598630905151,10.6186742782593
"2024-05-06 19:50:00.0000",12.92,76.03,3.70927166938782,6.66207647323608,15.6007289886475
"2024-05-06 19:40:49.0000",,,,,
"2024-05-06 20:00:00.0000",12.76,76.48,3.55546712875366,7.10788345336914,18.642822265625
"2024-05-06 19:58:20.0000",,,,,
"2024-05-06 20:10:00.0000",12.61,77.2,3.86950778961182,7.13170766830444,12.3269701004028
"2024-05-06 20:20:00.0000",12.6,77.67,5.41141033172607,9.75669860839844,18.5437889099121
"2024-05-06 20:15:48.0000",,,,,
"2024-05-06 20:30:00.0000",12.42,78.49,5.07310676574707,11.5063533782959,22.6409797668457
"2024-05-06 20:34:20.0000",,,,,
"2024-05-06 20:40:00.0000",12.38,79.16,4.2211799621582,9.2722110748291,16.7161045074463
"2024-05-06 20:50:00.0000",12.27,79.49,4.17329788208008,10.2809638977051,19.0783977508545
"2024-05-06 20:50:48.0000",,,,,
"2024-05-06 21:00:00.0000",12.22,79.81,3.7207465171814,9.6645393371582,20.7889537811279
"2024-05-06 21:10:00.0000",12.19,80.27,3.97504615783691,11.1644954681396,24.0500144958496
"2024-05-06 21:08:18.0000",,,,,
"2024-05-06 21:20:00.0000",12.19,80.22,4.332923412323,10.7989645004272,22.2047843933105
"2024-05-06 21:30:00.0000",12.32,79.84,4.72924661636353,12.0531339645386,26.4202690124512
"2024-05-06 21:25:52.0000",,,,,
"2024-05-06 21:40:00.0000",12.28,80.03,4.0635552406311,11.2270593643188,25.1850204467773
"2024-05-06 21:50:00.0000",12.27,79.97,4.30483341217041,11.8657760620117,29.2065868377686
"2024-05-06 21:44:19.0000",,,,,
"2024-05-06 22:00:00.0000",12.28,80,4.23633623123169,10.7925071716309,22.978759765625
"2024-05-06 22:00:51.0000",,,,,
"2024-05-06 22:10:00.0000",12.28,79.83,4.86282444000244,10.787389755249,18.9926834106445
"2024-05-06 22:20:00.0000",12.28,80,4.71760225296021,11.6101198196411,28.5789337158203
"2024-05-06 22:18:22.0000",,,,,
"2024-05-06 22:30:00.0000",12.26,79.95,4.72672319412231,13.3968591690063,27.4033374786377
"2024-05-06 22:40:00.0000",12.25,79.96,4.30680418014526,12.010817527771,27.5825061798096
"2024-05-06 22:35:52.0000",,,,,
"2024-05-06 22:50:00.0000",12.12,80.41,4.50039720535278,12.8446140289307,30.4565334320068
"2024-05-06 23:00:00.0000",12.09,80.82,4.61899900436401,13.2557172775269,30.754358291626
"2024-05-06 22:54:17.0000",,,,,
"2024-05-06 23:10:00.0000",12.01,81.6,4.62195158004761,13.1551446914673,31.1973190307617
"2024-05-06 23:20:00.0000",12.05,81.52,5.01014995574951,15.1216125488281,34.1376686096191
"2024-05-06 23:10:50.0000",,,,,
"2024-05-06 23:30:00.0000",12.11,81.09,4.76561546325684,12.0014276504517,25.1321468353271
"2024-05-06 23:28:20.0000",,,,,
"2024-05-06 23:50:00.0000",12.18,80.88,4.93310928344727,14.0038452148438,36.3632850646973
"2024-05-06 23:40:00.0000",12.12,80.91,4.58136081695557,12.03000831604,28.7292194366455
"2024-05-06 23:45:48.0000",,,,,
"2024-05-07 00:00:00.0000",12.15,80.98,4.72250938415527,13.9785795211792,29.6824531555176
"2024-05-07 00:04:20.0000",,,,,
"2024-05-07 00:10:00.0000",12.15,81.04,4.80545616149902,13.2409915924072,27.5609340667725
"2024-05-07 00:20:00.0000",12.16,81.29,4.84102010726929,13.7527208328247,29.7039813995361
"2024-05-07 00:20:48.0000",,,,,
"2024-05-07 00:30:00.0000",12.1,81.73,5.04663896560669,14.2407836914062,35.9943923950195
"2024-05-07 00:40:00.0000",12,82.52,5.47012615203857,15.0627374649048,31.4508514404297
"2024-05-07 00:50:00.0000",12.04,82.21,5.60008859634399,14.4326515197754,29.4352607727051
"2024-05-07 00:38:18.0000",,,,,
"2024-05-07 01:00:00.0000",12.11,81.8,6.29659032821655,15.2610006332397,28.6403694152832
"2024-05-07 00:55:48.0000",,,,,
"2024-05-07 01:10:00.0000",12.15,82.02,6.73466157913208,17.8671245574951,38.4550132751465
"2024-05-07 01:20:00.0000",12.16,81.86,7.19796943664551,17.5516548156738,34.6412353515625
"2024-05-07 01:14:18.0000",,,,,
"2024-05-07 01:30:00.0000",12.14,81.75,7.12409353256226,16.860481262207,29.414270401001
"2024-05-07 01:30:47.0000",,,,,
"2024-05-07 01:40:00.0000",12.15,81.99,7.26803588867188,17.5127754211426,35.278621673584
"2024-05-07 01:50:00.0000",12.14,81.85,7.92077302932739,19.364278793335,40.9093475341797
"2024-05-07 01:48:23.0000",,,,,
"2024-05-07 02:00:00.0000",12.12,82.02,8.26887321472168,19.271068572998,37.2905578613281
"2024-05-07 02:05:51.0000",,,,,
"2024-05-07 02:10:00.0000",12.07,82.69,6.68349075317383,16.1612071990967,33.2941589355469
"2024-05-07 02:20:00.0000",12.03,82.89,7.25842905044556,18.7755794525146,37.7125549316406
"2024-05-07 02:30:00.0000",12,82.74,7.52540016174316,18.9794139862061,46.6228561401367
"2024-05-07 02:24:17.0000",,,,,
"2024-05-07 02:50:00.0000",12,82.46,7.59203767776489,18.4589424133301,37.1091575622559
"2024-05-07 02:40:00.0000",12.02,82.42,7.68719434738159,19.6131954193115,38.0235900878906
"2024-05-07 02:40:51.0000",,,,,
"2024-05-07 03:00:00.0000",12.03,82.39,7.84443521499634,18.2612361907959,35.6028175354004
"2024-05-07 02:58:20.0000",,,,,
"2024-05-07 03:10:00.0000",12.01,82.85,8.12478542327881,21.2440490722656,39.7007713317871
"2024-05-07 03:20:00.0000",12.05,83.27,8.54691314697266,20.3433990478516,38.3940811157227
"2024-05-07 03:15:50.0000",,,,,
"2024-05-07 03:30:00.0000",12.09,83.14,9.94307708740234,23.7543315887451,49.4239082336426
"2024-05-07 03:34:20.0000",,,,,
"2024-05-07 03:40:00.0000",12.11,83.42,7.90454769134521,18.8063087463379,36.4146041870117
"2024-05-07 03:50:00.0000",12.15,83.34,8.75147914886475,22.1127300262451,41.8653450012207
"2024-05-07 03:50:49.0000",,,,,
"2024-05-07 04:00:00.0000",12.16,83.48,8.35880088806152,21.5221061706543,51.0850372314453
"2024-05-07 04:10:00.0000",12.23,83.49,9.45525932312012,25.338357925415,50.6534957885742
"2024-05-07 04:20:00.0000",12.21,84.13,10.713249206543,26.5132579803467,59.1177215576172
"2024-05-07 04:08:18.0000",,,,,
"2024-05-07 04:30:00.0000",12.67,80.48,6.53376579284668,19.1973705291748,40.0115585327148
"2024-05-07 04:29:08.0000",,,,,
"2024-05-07 04:40:00.0000",12.28,84.05,11.0597343444824,24.1144504547119,38.7266311645508
"2024-05-07 04:44:14.0000",,,,,
"2024-05-07 04:50:00.0000",12.31,84,11.3665447235107,24.769495010376,42.6826095581055
"2024-05-07 05:00:00.0000",12.34,83.96,11.9800395965576,24.8750171661377,38.9394721984863
"2024-05-07 05:00:48.0000",,,,,
"2024-05-07 05:10:00.0000",12.39,83.83,14.0725927352905,26.6692962646484,42.1748542785645
"2024-05-07 05:20:00.0000",12.43,83.68,13.2455177307129,25.6065006256104,43.22412109375
"2024-05-07 05:18:18.0000",,,,,
"2024-05-07 05:30:00.0000",12.52,83.75,17.048397064209,30.9325675964355,51.3661956787109
"2024-05-07 05:40:00.0000",12.6,83.66,18.1233959197998,33.1854553222656,58.0312194824219
"2024-05-07 05:35:47.0000",,,,,
"2024-05-07 05:50:00.0000",12.67,83.4,17.184232711792,30.4295463562012,43.9885711669922
"2024-05-07 06:00:00.0000",12.74,83.36,17.2014484405518,30.2424488067627,46.4909439086914
"2024-05-07 05:54:12.0000",,,,,
"2024-05-07 06:20:00.0000",13.06,82.77,12.843957901001,20.6858959197998,32.3221969604492
"2024-05-07 06:10:00.0000",12.85,83.06,14.6611671447754,24.094425201416,33.5713920593262
"2024-05-07 06:10:46.0000",,,,,
"2024-05-07 06:30:00.0000",13.52,81.99,9.32811069488525,13.6764459609985,18.2968807220459
"2024-05-07 06:28:16.0000",,,,,
"2024-05-07 06:40:00.0000",14.02,80.26,8.26506519317627,13.7928781509399,23.4285449981689
"2024-05-07 06:45:46.0000",,,,,
"2024-05-07 06:50:00.0000",14.34,77.15,5.88668251037598,9.36402130126953,13.7724313735962
"2024-05-07 07:00:00.0000",14.52,74.82,5.28833246231079,7.88188409805298,20.5598430633545
"2024-05-07 07:04:16.0000",,,,,
"2024-05-07 07:10:00.0000",14.8,73.09,4.76352691650391,8.29178333282471,14.8368577957153
"2024-05-07 07:20:00.0000",14.84,71.38,5.24381685256958,8.55911254882812,19.8708667755127
"2024-05-07 07:20:43.0000",,,,,
"2024-05-07 07:30:00.0000",15.14,70.35,4.27435970306396,6.11685132980347,12.69704246521
"2024-05-07 07:40:00.0000",15.14,68.37,4.89463090896606,6.6314582824707,9.90790367126465
"2024-05-07 07:50:00.0000",15.25,67.98,2.78621101379395,3.59953284263611,6.27088737487793
"2024-05-07 07:38:14.0000",,,,,
"2024-05-07 08:00:00.0000",15.43,67.6,2.80633664131165,4.18347501754761,10.0402193069458
"2024-05-07 07:55:43.0000",,,,,
"2024-05-07 08:10:00.0000",15.71,66.73,2.72951745986938,4.1710991859436,6.9734468460083
"2024-05-07 08:20:00.0000",16.04,65.37,1.68673169612885,2.52398371696472,6.06797504425049
"2024-05-07 08:14:14.0000",,,,,
"2024-05-07 08:30:00.0000",16.4,64.59,1.84522712230682,2.605304479599,7.88632726669312
"2024-05-07 08:30:48.0000",,,,,
"2024-05-07 08:40:00.0000",16.42,63.6,2.51689743995667,3.6121940612793,7.83550262451172
"2024-05-07 08:50:00.0000",16.3,63.9,2.44563913345337,3.60937333106995,9.20552921295166
"2024-05-07 08:48:17.0000",,,,,
"2024-05-07 09:00:00.0000",16.28,64.08,2.8051483631134,4.54249000549316,13.562255859375
"2024-05-07 09:10:00.0000",16.27,64.1,2.44527816772461,3.44217944145203,5.88595294952393
"2024-05-07 09:20:00.0000",16.26,63.71,2.30955862998962,3.3813943862915,6.39742231369019
"2024-05-07 09:05:47.0000",,,,,
"2024-05-07 09:30:00.0000",16.4,63.66,2.33198857307434,4.30310106277466,9.05710124969482
"2024-05-07 09:24:13.0000",,,,,
"2024-05-07 09:50:00.0000",16.44,63.5,2.20242047309875,3.3307638168335,6.69749927520752
"2024-05-07 09:40:00.0000",16.31,63.33,2.28374910354614,3.63219666481018,10.5403137207031
"2024-05-07 09:40:47.0000",,,,,
"2024-05-07 10:00:00.0000",16.41,63.81,2.0918505191803,3.47534656524658,7.99271583557129
"2024-05-07 10:10:00.0000",16.36,63.1,1.52613151073456,2.35283446311951,9.06305694580078
"2024-05-07 09:58:16.0000",,,,,
"2024-05-07 10:20:00.0000",16.61,63.02,3.26005697250366,4.67275810241699,9.69254207611084
"2024-05-07 10:15:45.0000",,,,,
"2024-05-07 10:30:00.0000",15.79,64.97,3.90798497200012,5.56278705596924,14.1180429458618
"2024-05-07 10:34:17.0000",,,,,
"2024-05-07 10:40:00.0000",15.78,65.8,4.37212610244751,6.12917327880859,20.1736850738525
"2024-05-07 10:50:00.0000",16.03,65.81,3.94369435310364,5.82878923416138,10.3856954574585
"2024-05-07 10:50:45.0000",,,,,
"2024-05-07 11:00:00.0000",16.19,65.22,3.50860023498535,4.59780597686768,8.24226188659668
"2024-05-07 10:55:47.0000",,,,,
"2024-05-07 11:10:00.0000",16.16,65.33,3.67732977867126,6.09531211853027,16.9358558654785
"2024-05-07 11:20:00.0000",16.02,64.93,4.14126491546631,6.20964574813843,12.5686645507812
"2024-05-07 11:08:14.0000",,,,,
"2024-05-07 11:30:00.0000",16.48,64.68,2.71593022346497,4.14667701721191,19.5225658416748
"2024-05-07 11:25:44.0000",,,,,
"2024-05-07 11:50:00.0000",16.58,63.56,3.06777691841125,5.31165790557861,25.0415134429932
"2024-05-07 11:40:00.0000",16.39,64.23,3.34661293029785,7.6720142364502,23.6905078887939
"2024-05-07 11:44:16.0000",,,,,
"2024-05-07 12:00:00.0000",16.83,63.06,2.64103722572327,4.45128917694092,19.3506183624268
"2024-05-07 12:00:42.0000",,,,,
"2024-05-07 12:10:00.0000",17.27,61.66,2.70328259468079,4.39227914810181,23.2485065460205
"2024-05-07 12:20:00.0000",17.65,61.24,2.59917855262756,3.88953328132629,8.95173931121826
"2024-05-07 12:18:13.0000",,,,,
"2024-05-07 12:30:00.0000",18.14,58.83,2.34829306602478,3.65953826904297,10.6317749023438
"2024-05-07 12:35:47.0000",,,,,
"2024-05-07 12:40:00.0000",18.57,58.29,2.46222591400146,3.8920567035675,7.10920763015747
"2024-05-07 12:50:00.0000",18.95,56.06,2.45571660995483,3.95308494567871,14.302490234375
"2024-05-07 13:00:00.0000",19.08,54.99,2.57288074493408,3.67059969902039,9.83408164978027
"2024-05-07 12:54:14.0000",,,,,
"2024-05-07 13:10:00.0000",19.24,53.79,2.38576936721802,3.38166451454163,6.0621190071106
"2024-05-07 13:20:00.0000",18.85,54.37,2.66011548042297,4.38124418258667,8.46060180664062
"2024-05-07 13:10:46.0000",,,,,
"2024-05-07 13:30:00.0000",19.33,54.6,3.38845562934875,5.23153591156006,12.1393404006958
"2024-05-07 13:28:16.0000",,,,,
"2024-05-07 13:50:00.0000",18.74,56.27,3.72195744514465,5.37548351287842,10.3541870117188
"2024-05-07 13:40:00.0000",18.92,54.49,3.14619660377502,4.3066668510437,9.65327262878418
"2024-05-07 13:45:45.0000",,,,,
"2024-05-07 14:00:00.0000",19.17,55.97,3.03299236297607,4.705078125,13.8099517822266
"2024-05-07 14:04:17.0000",,,,,
"2024-05-07 14:10:00.0000",19.49,54.24,2.9211061000824,4.23932075500488,8.65478706359863
"2024-05-07 14:20:00.0000",19.58,54.46,3.39701151847839,5.18854856491089,21.3156719207764
"2024-05-07 14:20:44.0000",,,,,
"2024-05-07 14:30:00.0000",19.42,54.05,3.93217158317566,5.68340635299683,17.0533885955811
"2024-05-07 14:40:00.0000",19.43,53.89,3.42063879966736,5.34475946426392,16.913724899292
"2024-05-07 14:50:00.0000",19.4,53.22,3.13067054748535,4.67146778106689,8.29532814025879
"2024-05-07 14:38:14.0000",,,,,
"2024-05-07 15:00:00.0000",19.58,52.84,2.86140561103821,4.59514808654785,8.35467052459717
"2024-05-07 14:55:45.0000",,,,,
"2024-05-07 15:20:00.0000",21.38,48.54,2.0409107208252,3.38086199760437,7.87855958938599
"2024-05-07 15:10:00.0000",20.33,49.47,2.56222820281982,3.87058019638062,9.05986213684082
"2024-05-07 15:14:14.0000",,,,,
"2024-05-07 15:30:00.0000",22.22,47.82,3.08263468742371,4.90068387985229,13.3782453536987
"2024-05-07 15:30:42.0000",,,,,
"2024-05-07 15:40:00.0000",23.08,45.53,2.46890783309937,3.74637246131897,6.62382555007935
"2024-05-07 15:50:00.0000",23.55,44.92,2.75313377380371,4.97724151611328,10.2637710571289
"2024-05-07 15:48:12.0000",,,,,
"2024-05-07 16:10:00.0000",24.41,42.88,2.44950199127197,3.50013971328735,6.33343839645386
"2024-05-07 16:00:00.0000",24.01,44.38,3.20029258728027,5.56045627593994,19.6547889709473
"2024-05-07 16:05:42.0000",,,,,
"2024-05-07 16:20:00.0000",24.25,43.41,2.99049949645996,4.61320543289185,8.63466358184814
"2024-05-07 16:30:00.0000",24.1,41.79,2.53943848609924,4.60542869567871,16.5366840362549
"2024-05-07 16:24:14.0000",,,,,
"2024-05-07 16:40:00.0000",24.34,42.23,2.66126728057861,4.15690660476685,10.1782655715942
"2024-05-07 16:50:00.0000",23.77,41.99,2.4687774181366,4.42018795013428,14.5189733505249
"2024-05-07 16:40:43.0000",,,,,
"2024-05-07 17:00:00.0000",23.63,43.02,2.29865550994873,3.62175631523132,13.8053112030029
"2024-05-07 16:58:16.0000",,,,,
"2024-05-07 17:10:00.0000",23.76,41.33,2.48117709159851,4.35299205780029,8.4980640411377
"2024-05-07 17:01:37.0000",,,,,
"2024-05-07 17:20:00.0000",23.2,40.47,1.8879326581955,3.37879228591919,11.8554716110229
"2024-05-07 17:19:07.0000",,,,,
"2024-05-07 17:30:00.0000",23.89,41.25,2.33055233955383,3.8209490776062,10.626953125
"2024-05-07 17:34:07.0000",,,,,
"2024-05-07 17:40:00.0000",23.79,42.8,2.6634407043457,4.82117128372192,22.9374485015869
"2024-05-07 17:50:00.0000",23.34,43.09,2.42679810523987,4.16636943817139,11.9193029403687
"2024-05-07 18:00:00.0000",21.87,44.53,2.17527031898499,3.56078314781189,10.3453140258789
"2024-05-07 17:50:41.0000",,,,,
"2024-05-07 18:10:00.0000",21.28,46.29,2.74930644035339,4.49492359161377,19.4100933074951
"2024-05-07 18:20:00.0000",20.65,45.79,2.41087198257446,4.28998374938965,16.3801345825195
"2024-05-07 18:08:10.0000",,,,,
"2024-05-07 18:30:00.0000",20.65,44.87,2.12831664085388,3.67466473579407,9.85390949249268
"2024-05-07 18:25:39.0000",,,,,
"2024-05-07 18:40:00.0000",20.64,45.99,2.7939760684967,4.38863563537598,9.45479679107666
"2024-05-07 18:50:00.0000",20.57,46.49,2.60407400131226,4.44699716567993,8.74083709716797
"2024-05-07 18:44:11.0000",,,,,
"2024-05-07 19:00:00.0000",19.61,49.36,2.81909418106079,4.77986431121826,12.3031730651855
"2024-05-07 19:04:19.0000",,,,,
"2024-05-07 19:10:00.0000",19.83,47.15,2.7130708694458,4.42655944824219,12.9643621444702
"2024-05-07 19:20:00.0000",19.36,49.39,2.62449359893799,4.48964214324951,13.7109384536743
"2024-05-07 19:18:12.0000",,,,,
"2024-05-07 19:30:00.0000",18.91,54.9,4.8935809135437,8.06014823913574,17.7958221435547
"2024-05-07 19:35:43.0000",,,,,
"2024-05-07 19:40:00.0000",17.98,59.98,5.21586132049561,8.04224872589111,14.0457172393799
"2024-05-07 19:50:00.0000",17.03,62.78,5.94635772705078,9.27027893066406,18.1965885162354
"2024-05-07 20:00:00.0000",16.27,64.19,6.17829275131226,9.21353816986084,20.7249965667725
"2024-05-07 19:54:08.0000",,,,,
"2024-05-07 20:20:00.0000",15.56,66.41,6.10999011993408,9.32560539245605,13.8021745681763
"2024-05-07 20:10:00.0000",15.81,65.35,5.96940279006958,8.68846416473389,17.945291519165
"2024-05-07 20:10:41.0000",,,,,
"2024-05-07 20:30:00.0000",15.28,67.61,6.25348901748657,10.0265235900879,20.355094909668
"2024-05-07 20:28:13.0000",,,,,
"2024-05-07 20:40:00.0000",15.15,68.5,5.80701017379761,8.91998195648193,18.106803894043
"2024-05-07 20:45:41.0000",,,,,
"2024-05-07 20:50:00.0000",15.05,68.73,7.25576305389404,11.0152416229248,18.2489204406738
"2024-05-07 21:00:00.0000",14.97,69.23,7.58991622924805,11.2289190292358,16.1507301330566
"2024-05-07 21:04:08.0000",,,,,
"2024-05-07 21:10:00.0000",14.93,69.87,7.32677173614502,10.563853263855,15.3929052352905
"2024-05-07 21:20:00.0000",14.86,70.27,6.55054187774658,9.92896270751953,20.1520957946777
"2024-05-07 21:20:40.0000",,,,,
"2024-05-07 21:30:00.0000",14.79,70.15,8.36298084259033,11.6428565979004,16.7720718383789
"2024-05-07 21:40:00.0000",14.85,70.09,14.414927482605,18.6592845916748,26.560567855835
"2024-05-07 21:50:00.0000",14.83,70.14,7.62040376663208,11.3681592941284,23.7215557098389
"2024-05-07 21:38:11.0000",,,,,
"2024-05-07 22:00:00.0000",14.83,69.98,7.72505855560303,11.0265483856201,15.0606594085693
"2024-05-07 21:55:40.0000",,,,,
"2024-05-07 22:10:00.0000",14.85,70.13,8.65794372558594,12.9261713027954,22.4487781524658
"2024-05-07 22:20:00.0000",14.98,70.38,8.59228610992432,12.3229312896729,26.7351322174072
"2024-05-07 22:14:11.0000",,,,,
"2024-05-07 22:30:00.0000",15,70.28,10.1298751831055,13.8412647247314,26.815258026123
"2024-05-07 22:30:37.0000",,,,,
"2024-05-07 22:40:00.0000",15,70.07,8.35699939727783,12.2437410354614,18.4608135223389
"2024-05-07 22:48:09.0000",,,,,
"2024-05-07 22:50:00.0000",14.95,70.4,8.01304626464844,12.1701402664185,18.6317749023438
"2024-05-07 23:00:00.0000",14.87,70.63,8.67415618896484,12.4807653427124,18.7104034423828
"2024-05-07 23:05:39.0000",,,,,
"2024-05-07 23:10:00.0000",14.8,70.64,9.51845169067383,13.821759223938,21.9861030578613
"2024-05-07 23:20:00.0000",14.7,71.03,9.64490509033203,14.4627752304077,27.1447086334229
"2024-05-07 23:30:00.0000",14.66,71.43,9.7597713470459,13.7077007293701,18.9413318634033
"2024-05-07 23:24:09.0000",,,,,
"2024-05-07 23:40:00.0000",14.75,71.92,10.114559173584,14.6972599029541,25.8391742706299
"2024-05-07 23:50:00.0000",14.71,72.29,11.4229431152344,15.8253841400146,21.5932483673096
"2024-05-07 23:40:43.0000",,,,,
"2024-05-08 00:00:00.0000",14.64,72.48,10.7792673110962,15.2729768753052,23.7498016357422
"2024-05-07 23:58:11.0000",,,,,
"2024-05-08 00:10:00.0000",14.68,72.5,11.2614879608154,16.0595073699951,30.9164581298828
"2024-05-08 00:20:00.0000",14.71,72.33,11.2393093109131,16.2296772003174,24.3323993682861
"2024-05-08 00:15:41.0000",,,,,
"2024-05-08 00:30:00.0000",14.71,72.58,11.2228221893311,15.4804821014404,21.534158706665
"2024-05-08 00:34:08.0000",,,,,
"2024-05-08 00:40:00.0000",14.96,70.23,6.82744646072388,9.66693115234375,16.0285797119141
"2024-05-08 00:36:31.0000",,,,,
"2024-05-08 00:50:00.0000",15.01,68.85,4.87729978561401,6.93916893005371,14.8820152282715
"2024-05-08 01:00:00.0000",14.97,68.21,4.78882074356079,7.03645610809326,24.4684276580811
"2024-05-08 00:50:40.0000",,,,,
"2024-05-08 01:10:00.0000",15.02,66.96,4.25138235092163,7.07755565643311,18.4067039489746
"2024-05-08 01:20:00.0000",15.05,66.09,3.99594259262085,6.91532039642334,21.8737678527832
"2024-05-08 01:08:11.0000",,,,,
"2024-05-08 01:30:00.0000",15.03,65.64,3.56121563911438,5.44483327865601,10.7287664413452
"2024-05-08 01:25:40.0000",,,,,
"2024-05-08 01:40:00.0000",15.01,65.46,3.85316920280457,5.96513938903809,10.2666959762573
"2024-05-08 01:50:00.0000",14.93,65.71,3.96525692939758,6.23219108581543,11.2280721664429
"2024-05-08 01:44:12.0000",,,,,
"2024-05-08 02:00:00.0000",14.86,65.77,3.78667783737183,5.79637241363525,10.3716650009155
"2024-05-08 02:00:38.0000",,,,,
"2024-05-08 02:10:00.0000",14.83,66.61,4.24784898757935,6.49173402786255,13.2920007705688
"2024-05-08 02:20:00.0000",14.81,66.99,4.66003561019897,7.35376453399658,18.9022636413574
"2024-05-08 02:18:09.0000",,,,,
"2024-05-08 02:30:00.0000",14.72,67.46,5.44410181045532,7.81264352798462,22.0419845581055
"2024-05-08 02:35:38.0000",,,,,
"2024-05-08 02:40:00.0000",14.46,69.53,10.0609827041626,14.4935674667358,26.8333721160889
"2024-05-08 02:50:00.0000",14.23,71.51,14.9066553115845,20.021671295166,24.5687484741211
"2024-05-08 03:00:00.0000",13.82,73.54,19.9296283721924,27.9902095794678,34.5853004455566
"2024-05-08 02:54:09.0000",,,,,
"2024-05-08 03:10:00.0000",13.33,75.26,22.9072418212891,31.0335273742676,35.8147811889648
"2024-05-08 03:20:00.0000",12.87,76.5,22.8581371307373,33.2375831604004,37.4412536621094
"2024-05-08 03:10:38.0000",,,,,
"2024-05-08 03:30:00.0000",12.62,77.82,22.7330760955811,32.9883918762207,37.5488662719727
"2024-05-08 03:28:08.0000",,,,,
"2024-05-08 03:50:00.0000",12.1,79.77,24.7334842681885,38.3462753295898,47.4042472839355
"2024-05-08 03:40:00.0000",12.43,79.21,22.8667030334473,34.8096580505371,43.1605796813965
"2024-05-08 04:00:00.0000",11.94,80.69,26.5421714782715,42.7885932922363,69.0038452148438
"2024-05-08 03:45:37.0000",,,,,
"2024-05-08 04:04:08.0000",,,,,
"2024-05-08 04:10:00.0000",11.87,81.8,26.9473495483398,42.1804580688477,62.3159103393555
"2024-05-08 04:20:00.0000",11.75,83.28,24.4712505340576,37.9312286376953,43.5518608093262
"2024-05-08 04:20:41.0000",,,,,
"2024-05-08 04:30:00.0000",11.71,83.24,29.4799385070801,47.0197677612305,65.3483734130859
"2024-05-08 04:40:00.0000",11.56,83.38,25.7853870391846,43.4374160766602,156.732513427734
"2024-05-08 04:50:00.0000",11.53,83.48,25.1554470062256,42.9306945800781,104.966590881348
"2024-05-08 04:38:10.0000",,,,,
"2024-05-08 05:00:00.0000",11.53,83.66,27.3127727508545,49.3660163879395,165.114822387695
"2024-05-08 04:55:40.0000",,,,,
"2024-05-08 05:20:00.0000",11.48,84.08,25.5089263916016,44.2809715270996,94.7268676757812
"2024-05-08 05:10:00.0000",11.55,83.76,26.1425952911377,44.8353729248047,65.6095962524414
"2024-05-08 05:30:00.0000",11.41,84.55,21.823371887207,37.4216194152832,141.454864501953
"2024-05-08 05:14:11.0000",,,,,
"2024-05-08 05:30:40.0000",,,,,
"2024-05-08 05:40:00.0000",12,80.47,13.61159324646,20.9751873016357,23.8359413146973
"2024-05-08 05:50:00.0000",11.99,80.49,12.307147026062,20.3623924255371,173.203170776367
"2024-05-08 05:34:20.0000",,,,,
"2024-05-08 06:00:00.0000",11.57,84.49,23.1690406799316,39.0118522644043,52.383918762207
"2024-05-08 06:05:43.0000",,,,,
"2024-05-08 06:10:00.0000",11.56,84.74,27.6363201141357,48.4072875976562,59.2685279846191
"2024-05-08 06:20:00.0000",11.61,84.86,28.9117851257324,49.5049667358398,57.9857330322266
"2024-05-08 06:30:00.0000",11.78,84.75,28.9201126098633,50.0523262023926,65.365478515625
"2024-05-08 06:24:21.0000",,,,,
"2024-05-08 06:50:00.0000",12.05,84.41,24.0280418395996,40.2145805358887,51.0204811096191
"2024-05-08 06:40:00.0000",11.88,84.75,25.1614589691162,44.175838470459,76.2873458862305
"2024-05-08 06:40:37.0000",,,,,
"2024-05-08 07:00:00.0000",12.23,84.16,22.3308200836182,36.5287857055664,53.8743858337402
"2024-05-08 06:58:08.0000",,,,,
"2024-05-08 07:10:00.0000",12.42,83.76,20.9260520935059,33.1952667236328,51.4193916320801
"2024-05-08 07:20:00.0000",12.54,83.19,21.1999359130859,32.9148445129395,55.7796783447266
"2024-05-08 07:15:38.0000",,,,,
"2024-05-08 07:30:00.0000",12.67,82.45,23.1966609954834,35.1695594787598,43.8242340087891
"2024-05-08 07:34:04.0000",,,,,
"2024-05-08 07:40:00.0000",12.86,81.72,23.679838180542,36.5276145935059,49.4467124938965
"2024-05-08 07:50:00.0000",12.99,80.69,22.9240875244141,34.417911529541,40.8013381958008
"2024-05-08 07:50:37.0000",,,,,
"2024-05-08 08:00:00.0000",13.2,80.01,24.0217227935791,37.5028762817383,56.5651359558105
"2024-05-08 08:10:00.0000",13.34,79.32,23.3018817901611,35.2536811828613,58.0599250793457
"2024-05-08 08:08:06.0000",,,,,
"2024-05-08 08:20:00.0000",13.37,78.62,23.88210105896,36.788013458252,46.5493469238281
"2024-05-08 08:30:00.0000",13.6,78.39,22.6661930084229,34.610481262207,56.0242385864258
"2024-05-08 08:25:36.0000",,,,,
"2024-05-08 08:40:00.0000",13.99,77.71,22.7662887573242,34.180290222168,46.3419036865234
"2024-05-08 08:50:00.0000",14.11,76.62,20.6693687438965,31.2213382720947,52.5103759765625
"2024-05-08 08:44:05.0000",,,,,
"2024-05-08 09:10:00.0000",14.59,75.2,19.6232128143311,29.1137428283691,43.3419075012207
"2024-05-08 09:00:00.0000",14.37,75.96,19.8779525756836,31.0825805664062,49.5500297546387
"2024-05-08 09:00:35.0000",,,,,
"2024-05-08 09:20:00.0000",14.67,74.57,18.404390335083,26.6342754364014,35.2316360473633
"2024-05-08 09:18:05.0000",,,,,
"2024-05-08 09:30:00.0000",15,73.7,15.381778717041,20.987340927124,26.1452388763428
"2024-05-08 09:40:00.0000",15.17,72.66,14.6642780303955,20.5960235595703,34.5066871643066
"2024-05-08 09:50:00.0000",15.36,71.8,12.9737758636475,17.6532669067383,24.3069705963135
"2024-05-08 09:35:34.0000",,,,,
"2024-05-08 10:00:00.0000",16.17,70.78,11.3370590209961,16.9064903259277,39.9360694885254
"2024-05-08 09:54:05.0000",,,,,
"2024-05-08 10:10:00.0000",16.46,68.29,11.0368824005127,15.7238302230835,33.0760917663574
"2024-05-08 10:20:00.0000",16.67,67.24,9.82033348083496,13.7190761566162,22.0513305664062
"2024-05-08 10:10:34.0000",,,,,
"2024-05-08 10:30:00.0000",17.01,66.47,10.2706966400146,14.526050567627,20.9115982055664
"2024-05-08 10:28:08.0000",,,,,
"2024-05-08 10:40:00.0000",17.4,64.81,7.55453777313232,10.7501564025879,18.2071952819824
"2024-05-08 10:50:00.0000",18.24,63.6,5.78636503219604,8.05546951293945,13.8360023498535
"2024-05-08 10:45:37.0000",,,,,
"2024-05-08 11:00:00.0000",18.47,60.95,5.14205169677734,7.19913578033447,15.548150062561
"2024-05-08 10:55:36.0000",,,,,
"2024-05-08 11:04:03.0000",,,,,
"2024-05-08 11:10:00.0000",18.66,60.19,9.54858112335205,14.0265073776245,27.5750961303711
"2024-05-08 11:20:00.0000",17.69,61.75,11.9802474975586,17.262975692749,26.7215042114258
"2024-05-08 11:20:36.0000",,,,,
"2024-05-08 11:30:00.0000",16.89,64.86,12.2766122817993,17.3651580810547,25.7737121582031
"2024-05-08 11:40:00.0000",16.91,65.82,12.4509153366089,18.6335163116455,42.0251426696777
"2024-05-08 11:38:07.0000",,,,,
"2024-05-08 11:50:00.0000",16.94,64.88,9.31330680847168,13.1704959869385,26.8714179992676
"2024-05-08 12:00:00.0000",16.55,66.31,11.3289947509766,14.9074430465698,20.2332515716553
"2024-05-08 11:55:35.0000",,,,,
"2024-05-08 12:20:00.0000",17.82,59.6,8.55706596374512,12.9764680862427,34.4110908508301
"2024-05-08 12:10:00.0000",17.7,58.95,7.76730251312256,10.7261772155762,18.5744152069092
"2024-05-08 12:16:31.0000",,,,,
"2024-05-08 12:30:00.0000",15.65,70.09,11.3947658538818,17.1951656341553,27.954475402832
"2024-05-08 12:30:35.0000",,,,,
"2024-05-08 12:40:00.0000",15.66,71.12,10.2083168029785,13.761025428772,18.910888671875
"2024-05-08 12:50:00.0000",16.19,68.62,7.53868770599365,11.23108959198,16.7828521728516
"2024-05-08 12:48:05.0000",,,,,
"2024-05-08 13:00:00.0000",16.9,66.17,4.8239278793335,6.86562395095825,11.056565284729
"2024-05-08 13:10:00.0000",17.5,62.97,3.02108693122864,4.88951110839844,10.6229343414307
"2024-05-08 13:20:00.0000",17.69,62.24,4.14949369430542,6.28476428985596,13.2817640304565
"2024-05-08 13:05:34.0000",,,,,
"2024-05-08 13:30:00.0000",17.99,61.19,4.2402777671814,6.58001041412354,11.4322299957275
"2024-05-08 13:24:06.0000",,,,,
"2024-05-08 13:40:00.0000",18.4,59.65,3.35234045982361,5.08881044387817,8.63942050933838
"2024-05-08 13:50:00.0000",18.58,59.16,4.19235754013062,6.60751438140869,17.3128471374512
"2024-05-08 14:00:00.0000",18.88,58.46,3.59218072891235,5.7523307800293,17.1111526489258
"2024-05-08 13:40:33.0000",,,,,
"2024-05-08 13:58:04.0000",,,,,
"2024-05-08 14:10:00.0000",19.16,57.26,2.71096754074097,4.26780033111572,14.2936325073242
"2024-05-08 14:20:00.0000",19.28,56.04,2.98185610771179,6.09257793426514,27.1593322753906
"2024-05-08 14:30:00.0000",19.34,55.81,2.60357093811035,4.88184642791748,10.6465301513672
"2024-05-08 14:15:34.0000",,,,,
"2024-05-08 14:40:00.0000",19.29,56,2.35698628425598,4.85856580734253,18.643913269043
"2024-05-08 14:34:04.0000",,,,,
"2024-05-08 14:50:00.0000",19.47,55.04,2.38533091545105,4.57262468338013,15.8575162887573
"2024-05-08 15:00:00.0000",19.81,54.29,2.37111854553223,4.93909645080566,15.9735488891602
"2024-05-08 14:50:36.0000",,,,,
"2024-05-08 15:10:00.0000",19.6,53.95,1.99428498744965,4.15492391586304,14.8047294616699
"2024-05-08 15:08:07.0000",,,,,
"2024-05-08 15:30:00.0000",19.99,52.63,1.9238361120224,4.20078039169312,11.3154573440552
"2024-05-08 15:20:00.0000",19.99,53.46,2.22567653656006,4.0260214805603,7.86566257476807
"2024-05-08 15:25:35.0000",,,,,
"2024-05-08 15:40:00.0000",19.93,51.66,1.90952908992767,3.50414156913757,7.09759616851807
"2024-05-08 15:50:00.0000",20.02,52.19,1.73953247070312,3.17062139511108,6.91327142715454
"2024-05-08 15:44:06.0000",,,,,
"2024-05-08 16:00:00.0000",20.33,51.23,1.72808766365051,3.05238389968872,7.65820598602295
"2024-05-08 16:00:35.0000",,,,,
"2024-05-08 16:10:00.0000",20.21,50.95,2.24267721176147,4.87667798995972,14.1013450622559
"2024-05-08 16:20:00.0000",19.81,50.56,1.60852098464966,3.03345561027527,12.2815742492676
"2024-05-08 16:18:04.0000",,,,,
"2024-05-08 16:30:00.0000",19.44,51.1,1.958984375,4.33609580993652,17.7927112579346
"2024-05-08 16:40:00.0000",19.49,50.52,1.79663598537445,3.53355288505554,10.3862380981445
"2024-05-08 16:50:00.0000",18.79,50.32,1.53337979316711,2.79363608360291,9.07329273223877
"2024-05-08 16:35:34.0000",,,,,
"2024-05-08 17:00:00.0000",18.17,51.83,1.90697681903839,3.67588639259338,8.76788425445557
"2024-05-08 16:54:06.0000",,,,,
"2024-05-08 17:10:00.0000",17.73,52.95,2.34197020530701,4.89102029800415,10.1894903182983
"2024-05-08 17:20:00.0000",17.31,54.34,2.22516584396362,3.83292102813721,7.8329291343689
"2024-05-08 17:10:33.0000",,,,,
"2024-05-08 17:30:00.0000",17.12,55.59,2.36604046821594,5.20552825927734,16.3094291687012
"2024-05-08 17:28:03.0000",,,,,
"2024-05-08 17:40:00.0000",16.68,56.35,2.47817301750183,4.87524938583374,14.1915893554688
"2024-05-08 17:45:34.0000",,,,,
"2024-05-08 17:50:00.0000",16.42,58.46,2.61238718032837,5.27468538284302,13.1677417755127
"2024-05-08 18:00:00.0000",16.1,60.01,2.5866231918335,4.75533056259155,10.3070049285889
"2024-05-08 18:10:00.0000",16.17,60.16,2.83996605873108,5.39336347579956,13.8493595123291
"2024-05-08 18:04:04.0000",,,,,
"2024-05-08 18:20:00.0000",16.07,60.39,2.89120888710022,5.90806198120117,12.2869777679443
"2024-05-08 18:30:00.0000",16.01,60.7,3.15849089622498,6.09239959716797,13.8892993927002
"2024-05-08 18:20:31.0000",,,,,
"2024-05-08 18:40:00.0000",15.78,61.81,2.81796360015869,6.09225845336914,16.0151233673096
"2024-05-08 18:38:02.0000",,,,,
"2024-05-08 19:00:00.0000",15.4,63.94,3.11727499961853,5.36279249191284,9.57931613922119
"2024-05-08 18:50:00.0000",15.56,63.11,3.49092841148376,5.98388481140137,14.7281913757324
"2024-05-08 18:55:36.0000",,,,,
"2024-05-08 19:10:00.0000",15.02,65.53,3.3971643447876,6.82186555862427,14.3930606842041
"2024-05-08 19:20:00.0000",14.83,66.09,2.96748161315918,5.95110607147217,13.0165872573853
"2024-05-08 19:14:04.0000",,,,,
"2024-05-08 19:30:00.0000",14.85,66.25,2.84270620346069,5.47811794281006,15.0456733703613
"2024-05-08 19:30:31.0000",,,,,
"2024-05-08 19:40:00.0000",14.74,66.53,2.81192302703857,5.02299833297729,11.5318536758423
"2024-05-08 19:48:00.0000",,,,,
"2024-05-08 19:50:00.0000",14.63,67.16,2.90682101249695,5.59208250045776,15.4426012039185
"2024-05-08 20:00:00.0000",14.47,67.73,2.80279350280762,5.42190647125244,14.3999900817871
"2024-05-08 20:10:00.0000",14.32,68.7,3.02059268951416,6.12362575531006,11.2443475723267
"2024-05-08 20:05:29.0000",,,,,
"2024-05-08 20:20:00.0000",14.27,68.9,3.43844151496887,6.78708600997925,14.789436340332
"2024-05-08 20:30:00.0000",14.34,68.52,3.4267418384552,6.51202774047852,11.9692478179932
"2024-05-08 20:24:01.0000",,,,,
"2024-05-08 20:40:00.0000",14.25,68.52,2.52597904205322,4.93989086151123,9.06533336639404
"2024-05-08 20:40:28.0000",,,,,
"2024-05-08 20:50:00.0000",14.14,68.82,2.48778486251831,5.19355821609497,10.2959060668945
"2024-05-08 21:00:00.0000",14.13,68.88,2.8341269493103,5.41105175018311,15.474196434021
"2024-05-08 21:20:00.0000",14.12,68.49,3.27839398384094,6.5913028717041,17.9780826568604
"2024-05-08 21:10:00.0000",14.14,68.72,2.8900933265686,5.60188579559326,11.4155187606812
"2024-05-08 20:57:59.0000",,,,,
"2024-05-08 21:30:00.0000",14.07,68.54,2.81062436103821,6.16213846206665,14.4611530303955
"2024-05-08 21:15:34.0000",,,,,
"2024-05-08 21:40:00.0000",14.03,69.21,2.59656810760498,5.41602516174316,13.8615760803223
"2024-05-08 21:34:00.0000",,,,,
"2024-05-08 22:00:00.0000",14.07,68.54,2.52291655540466,4.82621145248413,9.87777042388916
"2024-05-08 21:50:00.0000",14.06,68.8,2.61458802223206,5.45947170257568,18.0815029144287
"2024-05-08 21:50:32.0000",,,,,
"2024-05-08 22:10:00.0000",14.06,69.19,2.52435255050659,5.09966039657593,17.1964473724365
"2024-05-08 22:20:00.0000",13.96,69.95,2.79959750175476,5.79255390167236,15.8125696182251
"2024-05-08 22:30:00.0000",13.79,69.95,2.72466206550598,5.74398708343506,26.2295665740967
"2024-05-08 22:08:03.0000",,,,,
"2024-05-08 22:40:00.0000",13.72,69.25,2.30052924156189,4.56592702865601,10.9516696929932
"2024-05-08 22:50:00.0000",13.65,69.26,2.2505190372467,5.11594772338867,14.4627599716187
"2024-05-08 22:25:31.0000",,,,,
"2024-05-08 23:10:00.0000",13.68,68.53,2.17110347747803,5.14992761611938,26.3040962219238
"2024-05-08 23:00:00.0000",13.65,68.94,2.3020703792572,4.71958303451538,15.4530019760132
"2024-05-08 22:43:58.0000",,,,,
"2024-05-08 23:00:31.0000",,,,,
"2024-05-08 23:20:00.0000",13.75,68.22,2.09640860557556,4.56314945220947,10.8360586166382
"2024-05-08 23:30:00.0000",13.67,68.8,2.1102135181427,5.16079711914062,16.6740493774414
"2024-05-08 23:40:00.0000",13.52,69.29,2.46583652496338,5.14953422546387,15.6804656982422
"2024-05-08 23:18:01.0000",,,,,
"2024-05-08 23:50:00.0000",13.43,69.63,2.10680460929871,4.26669979095459,12.969181060791
"2024-05-09 00:00:00.0000",13.33,69.65,3.38682317733765,6.51040410995483,22.8607368469238
"2024-05-08 23:35:30.0000",,,,,
"2024-05-09 00:20:00.0000",13.08,70.64,2.79412698745728,5.56639528274536,16.7507381439209
"2024-05-09 00:10:00.0000",13.16,70.33,2.65660309791565,4.97953271865845,11.0374813079834
"2024-05-08 23:54:02.0000",,,,,
"2024-05-09 00:30:00.0000",13.06,71.24,3.4783341884613,6.69268941879272,13.5182666778564
"2024-05-09 00:10:28.0000",,,,,
"2024-05-09 00:50:00.0000",13.06,71.57,2.06839537620544,4.16914224624634,11.5251979827881
"2024-05-09 00:40:00.0000",13.03,71.58,2.48273158073425,5.18234443664551,16.1226902008057
"2024-05-09 00:27:59.0000",,,,,
"2024-05-09 01:10:00.0000",13.07,71.25,2.39886403083801,4.85584545135498,9.53293991088867
"2024-05-09 00:45:29.0000",,,,,
"2024-05-09 01:00:00.0000",13.08,71.49,2.49847936630249,4.86340713500977,12.1082696914673
"2024-05-09 01:30:00.0000",12.91,70.32,2.35904264450073,5.17764949798584,11.1933994293213
"2024-05-09 01:03:59.0000",,,,,
"2024-05-09 01:20:00.0000",13.05,70.24,2.15495944023132,4.19745683670044,8.2554349899292
"2024-05-09 01:20:28.0000",,,,,
"2024-05-09 01:40:00.0000",12.83,70.84,2.39423394203186,4.80203008651733,14.9967384338379
"2024-05-09 02:00:00.0000",12.6,71.41,2.3511073589325,5.02452182769775,12.2401971817017
"2024-05-09 01:38:03.0000",,,,,
"2024-05-09 01:50:00.0000",12.72,71.17,2.16458797454834,4.26864194869995,9.55510234832764
"2024-05-09 02:10:00.0000",12.54,71.7,2.36664175987244,4.85534143447876,14.9783277511597
"2024-05-09 02:20:00.0000",12.49,71.99,2.23782277107239,4.27576303482056,17.3868579864502
"2024-05-09 01:55:33.0000",,,,,
"2024-05-09 02:30:00.0000",12.57,72.75,2.60245084762573,5.19498252868652,13.8471059799194
"2024-05-09 02:13:58.0000",,,,,
"2024-05-09 02:40:00.0000",12.6,72.97,2.86825561523438,5.79052829742432,16.7234745025635
"2024-05-09 02:50:00.0000",12.62,72.97,3.14807629585266,5.77540731430054,11.2464771270752
"2024-05-09 02:30:30.0000",,,,,
"2024-05-09 03:00:00.0000",12.62,73.44,3.77077531814575,6.80151128768921,15.4076433181763
"2024-05-09 03:10:00.0000",12.65,73.36,3.42021465301514,6.19522476196289,18.6046905517578
"2024-05-09 02:48:01.0000",,,,,
"2024-05-09 03:30:00.0000",12.57,73.56,3.73735761642456,6.39655208587646,14.3397636413574
"2024-05-09 03:20:00.0000",12.65,73.18,3.73478770256042,7.12674903869629,22.4929103851318
"2024-05-09 03:05:30.0000",,,,,
"2024-05-09 03:50:00.0000",12.53,73.46,3.35300803184509,6.70722961425781,14.4121284484863
"2024-05-09 03:24:00.0000",,,,,
"2024-05-09 03:40:00.0000",12.54,73.41,3.69629311561584,5.81196784973145,9.3240852355957
"2024-05-09 04:00:00.0000",12.51,73.68,3.68236565589905,6.41172647476196,13.7485837936401
"2024-05-09 03:40:30.0000",,,,,
"2024-05-09 04:10:00.0000",12.48,74.21,4.63409280776978,7.94435548782349,27.4778175354004
"2024-05-09 04:20:00.0000",12.43,74.49,4.43078136444092,6.85766172409058,10.5022420883179
"2024-05-09 03:57:59.0000",,,,,
"2024-05-09 04:15:29.0000",,,,,
"2024-05-09 04:30:00.0000",12.47,74.85,4.80302429199219,7.64885950088501,12.1869945526123
"2024-05-09 04:40:00.0000",12.51,75.22,5.79185199737549,9.52301979064941,17.8051738739014
"2024-05-09 04:50:00.0000",12.54,75.38,6.76530361175537,10.4873905181885,19.2010478973389
"2024-05-09 05:00:00.0000",12.58,75.5,6.15451097488403,9.26057815551758,15.9523048400879
"2024-05-09 04:34:00.0000",,,,,
"2024-05-09 05:10:00.0000",12.62,75.84,6.44102144241333,10.8759059906006,18.8007869720459
"2024-05-09 04:50:28.0000",,,,,
"2024-05-09 05:20:00.0000",12.63,76.04,6.40856313705444,10.6426086425781,19.8573665618896
"2024-05-09 05:30:00.0000",12.66,76.1,6.07356357574463,10.0699968338013,18.6392612457275
"2024-05-09 05:07:57.0000",,,,,
"2024-05-09 05:50:00.0000",12.76,75.1,6.35003662109375,10.2122659683228,17.54323387146
"2024-05-09 05:40:00.0000",12.67,75.42,6.63062191009521,11.1861209869385,25.0431728363037
"2024-05-09 05:25:28.0000",,,,,
"2024-05-09 06:00:00.0000",12.86,74.59,6.38374423980713,12.088282585144,35.8745307922363
"2024-05-09 05:43:58.0000",,,,,
"2024-05-09 06:10:00.0000",12.9,74.64,5.82889652252197,9.49997997283936,15.8985710144043
"2024-05-09 06:20:00.0000",12.99,74.64,5.8303542137146,9.5114278793335,17.1756858825684
"2024-05-09 06:00:31.0000",,,,,
"2024-05-09 06:40:00.0000",13.22,74.37,6.64588117599487,9.93855571746826,14.2685852050781
"2024-05-09 06:30:00.0000",13.13,74.47,6.39665842056274,10.0117492675781,16.7391529083252
"2024-05-09 06:18:01.0000",,,,,
"2024-05-09 06:50:00.0000",13.37,74.25,9.22266006469727,15.3142652511597,40.9058036804199
"2024-05-09 06:35:32.0000",,,,,
"2024-05-09 07:00:00.0000",13.55,73.96,8.88876628875732,13.7145528793335,23.9769325256348
"2024-05-09 06:54:02.0000",,,,,
"2024-05-09 07:10:00.0000",13.59,73.8,9.50669193267822,14.7139711380005,27.8001499176025
"2024-05-09 07:20:00.0000",13.93,73.09,9.09584808349609,13.5899314880371,28.8151073455811
"2024-05-09 07:30:00.0000",14.17,70.97,8.24283504486084,11.8145008087158,21.6416187286377
"2024-05-09 07:10:30.0000",,,,,
"2024-05-09 07:40:00.0000",14.38,69.36,6.94980335235596,11.444296836853,26.5035266876221
"2024-05-09 07:50:00.0000",14.55,68.24,7.19908761978149,10.7569894790649,22.0166053771973
"2024-05-09 07:27:59.0000",,,,,
"2024-05-09 08:10:00.0000",14.98,65.06,4.29623794555664,6.44568300247192,12.2593030929565
"2024-05-09 08:00:00.0000",14.64,67.75,6.6584005355835,10.8749799728394,23.9473171234131
"2024-05-09 07:45:30.0000",,,,,
"2024-05-09 08:20:00.0000",15.57,63.16,4.1142373085022,6.79984617233276,25.6167011260986
"2024-05-09 08:30:00.0000",15.87,61.75,3.761146068573,6.69546937942505,12.4988460540771
"2024-05-09 08:04:01.0000",,,,,
"2024-05-09 08:40:00.0000",16.29,59.91,3.23874974250793,5.58310270309448,12.1500597000122
"2024-05-09 08:20:27.0000",,,,,
"2024-05-09 08:50:00.0000",16.91,58.17,2.81219673156738,5.45852947235107,12.0858860015869
"2024-05-09 09:00:00.0000",17.04,56.69,2.64946246147156,5.45420408248901,19.3951549530029
"2024-05-09 08:37:57.0000",,,,,
"2024-05-09 09:20:00.0000",17.32,55.03,2.30932974815369,4.6911416053772,13.9058647155762
"2024-05-09 09:10:00.0000",17.45,55.48,2.5367546081543,4.73948192596436,12.8250818252563
"2024-05-09 08:55:28.0000",,,,,
"2024-05-09 09:30:00.0000",17.59,55.77,2.82728672027588,5.55949068069458,18.6871566772461
"2024-05-09 09:40:00.0000",17.64,55.43,2.87325406074524,6.85687065124512,20.3850936889648
"2024-05-09 09:13:54.0000",,,,,
"2024-05-09 09:30:26.0000",,,,,
"2024-05-09 09:50:00.0000",17.14,56,2.03215503692627,4.12402725219727,10.4278001785278
"2024-05-09 10:00:00.0000",17.11,56.61,2.37739944458008,4.56520128250122,14.3609895706177
"2024-05-09 09:47:56.0000",,,,,
"2024-05-09 10:10:00.0000",17.27,56.17,2.18913602828979,5.02777338027954,15.9585742950439
"2024-05-09 10:20:00.0000",17.56,56.11,2.45796465873718,4.77079439163208,8.55038356781006
"2024-05-09 10:30:00.0000",17.4,55.57,1.97119617462158,3.89083027839661,11.1131725311279
"2024-05-09 10:05:27.0000",,,,,
"2024-05-09 10:23:52.0000",,,,,
"2024-05-09 10:40:00.0000",17.65,55.59,2.53874731063843,4.78642749786377,15.2256965637207
"2024-05-09 10:50:00.0000",17.97,55.37,2.09338760375977,4.52437591552734,10.3886394500732
"2024-05-09 11:00:00.0000",18.34,54.95,2.53330516815186,4.94791221618652,11.2174415588379
"2024-05-09 10:40:24.0000",,,,,
"2024-05-09 11:10:00.0000",18.55,53.98,3.00090408325195,6.10588073730469,30.137056350708
"2024-05-09 10:55:26.0000",,,,,
"2024-05-09 11:20:00.0000",18.84,54.05,3.65648579597473,6.38829374313354,13.620078086853
"2024-05-09 10:57:55.0000",,,,,
"2024-05-09 11:30:00.0000",18.96,52.94,2.74036002159119,5.38245964050293,14.0362491607666
"2024-05-09 11:15:25.0000",,,,,
"2024-05-09 11:40:00.0000",18.95,52.92,3.07183790206909,5.64926338195801,9.62979507446289
"2024-05-09 11:50:00.0000",20.11,51.49,3.10143899917603,5.98278713226318,10.4858112335205
"2024-05-09 12:00:00.0000",20.93,49.56,2.95004630088806,5.58039522171021,10.842155456543
"2024-05-09 11:33:56.0000",,,,,
"2024-05-09 12:10:00.0000",20.25,49.73,3.07968783378601,6.32685327529907,19.4679908752441
"2024-05-09 11:50:25.0000",,,,,
"2024-05-09 12:30:00.0000",20.96,48.15,2.90907979011536,5.75212669372559,17.5132617950439
"2024-05-09 12:20:00.0000",20.59,49.63,3.24627828598022,6.18957901000977,13.3618469238281
"2024-05-09 12:07:54.0000",,,,,
"2024-05-09 12:25:26.0000",,,,,
"2024-05-09 12:40:00.0000",20.9,49.27,2.69224143028259,5.35826635360718,16.4283847808838
"2024-05-09 12:50:00.0000",20.21,51,3.08083319664001,6.23435068130493,27.7981204986572
"2024-05-09 13:00:00.0000",20.19,51.56,2.88890147209167,6.32926225662231,17.8295078277588
"2024-05-09 13:10:00.0000",19.68,52.31,2.57442307472229,5.1682186126709,11.3736352920532
"2024-05-09 12:43:54.0000",,,,,
"2024-05-09 13:20:00.0000",19.27,53.65,3.33221077919006,9.0515079498291,44.8341331481934
"2024-05-09 13:00:26.0000",,,,,
"2024-05-09 13:30:00.0000",19.64,53.79,3.30248832702637,7.35783100128174,27.4426956176758
"2024-05-09 13:17:56.0000",,,,,
"2024-05-09 13:40:00.0000",19.91,53.34,3.67141103744507,8.17126369476318,28.776195526123
"2024-05-09 13:35:27.0000",,,,,
"2024-05-09 14:00:00.0000",20.37,53.21,3.55712532997131,8.36787223815918,31.2300853729248
"2024-05-09 13:50:00.0000",20.07,53.43,3.29583692550659,6.81630706787109,28.6901893615723
"2024-05-09 14:10:00.0000",20.85,52.81,3.5442807674408,7.4768271446228,27.1163578033447
"2024-05-09 14:20:00.0000",20.57,52.43,3.33754062652588,6.87415981292725,18.0698394775391
"2024-05-09 13:53:51.0000",,,,,
"2024-05-09 14:10:25.0000",,,,,
"2024-05-09 14:30:00.0000",20.9,52.94,3.42782735824585,6.76213645935059,14.5360555648804
"2024-05-09 14:27:54.0000",,,,,
"2024-05-09 14:50:00.0000",20.96,52.83,3.41556286811829,7.03622579574585,15.6281566619873
"2024-05-09 14:40:00.0000",20.94,52.69,3.40559864044189,6.52065229415894,25.1743659973145
"2024-05-09 15:00:00.0000",20.71,53.32,3.08878660202026,6.50287389755249,19.2108783721924
"2024-05-09 15:10:00.0000",20.31,53.73,3.07334518432617,6.0536150932312,9.71898555755615
"2024-05-09 14:45:24.0000",,,,,
"2024-05-09 15:20:00.0000",20.09,54.62,3.6662175655365,7.37745141983032,20.9958553314209
"2024-05-09 15:03:57.0000",,,,,
"2024-05-09 15:30:00.0000",19.92,55.81,4.52547836303711,8.76393985748291,22.4596252441406
"2024-05-09 15:40:00.0000",19.84,55.9,4.82554340362549,9.4937686920166,25.7668800354004
"2024-05-09 15:20:30.0000",,,,,
"2024-05-09 15:37:53.0000",,,,,
"2024-05-09 15:50:00.0000",19.53,57.38,4.90411806106567,9.20293045043945,16.8759269714355
"2024-05-09 16:00:00.0000",19.21,57.96,5.2104172706604,9.25490188598633,20.0033931732178
"2024-05-09 15:55:24.0000",,,,,
"2024-05-09 16:20:00.0000",18.83,58.59,4.43164587020874,7.49176979064941,15.9026155471802
"2024-05-09 16:10:00.0000",19.09,57.92,4.71515417098999,8.2601957321167,14.6737174987793
"2024-05-09 16:30:00.0000",18.58,59.25,4.97330379486084,7.23157262802124,11.328558921814
"2024-05-09 16:40:00.0000",18.7,59.48,5.20321226119995,8.41884517669678,21.9103317260742
"2024-05-09 16:13:53.0000",,,,,
"2024-05-09 16:50:00.0000",19.09,58.2,4.41156053543091,7.08853626251221,16.1028499603271
"2024-05-09 16:30:22.0000",,,,,
"2024-05-09 16:47:57.0000",,,,,
"2024-05-09 17:00:00.0000",19.22,56.69,4.19880485534668,7.05775260925293,18.3114738464355
"2024-05-09 17:10:00.0000",19.27,56.12,3.91740036010742,6.83995819091797,24.8722076416016
"2024-05-09 17:20:00.0000",19.24,55.29,4.48703527450562,7.28753662109375,12.2248849868774
"2024-05-09 17:30:00.0000",19.14,55.9,3.95312213897705,7.03783655166626,11.9071884155273
"2024-05-09 17:05:27.0000",,,,,
"2024-05-09 17:23:52.0000",,,,,
"2024-05-09 17:50:00.0000",19.49,54.17,3.26225972175598,6.20717477798462,10.601224899292
"2024-05-09 17:40:00.0000",19.42,54.96,3.71254897117615,6.54691028594971,13.1036510467529
"2024-05-09 18:00:00.0000",19.31,55.22,3.61508846282959,6.25313520431519,12.3343915939331
"2024-05-09 17:40:26.0000",,,,,
"2024-05-09 17:57:56.0000",,,,,
"2024-05-09 18:10:00.0000",19.24,55.38,3.67119097709656,6.64042997360229,10.4819145202637
"2024-05-09 18:15:26.0000",,,,,
"2024-05-09 18:20:00.0000",19.13,55.66,3.59918999671936,6.25403451919556,12.9456996917725
"2024-05-09 18:40:00.0000",18.75,56.61,3.31298923492432,6.03697061538696,10.8237781524658
"2024-05-09 18:30:00.0000",18.87,56.18,3.2424156665802,5.62202167510986,14.328330039978
"2024-05-09 19:00:00.0000",18.54,57.58,3.44842457771301,5.76730537414551,14.6008424758911
"2024-05-09 18:50:00.0000",18.76,56.68,3.31522798538208,6.44242191314697,14.1224327087402
"2024-05-09 18:33:55.0000",,,,,
"2024-05-09 19:10:00.0000",18.05,57.37,3.71388411521912,6.45397567749023,15.5921430587769
"2024-05-09 18:50:25.0000",,,,,
"2024-05-09 19:07:53.0000",,,,,
"2024-05-09 19:30:00.0000",17.9,58.33,6.70332622528076,9.99687576293945,15.9059324264526
"2024-05-09 19:20:00.0000",18.04,57.87,3.85579681396484,6.46820020675659,15.9562406539917
"2024-05-09 19:25:23.0000",,,,,
"2024-05-09 19:40:00.0000",17.82,58.68,3.16819524765015,5.73989820480347,11.9850616455078
"2024-05-09 19:50:00.0000",17.42,59.36,3.64294457435608,6.47650575637817,15.7987031936646
"2024-05-09 20:00:00.0000",17.06,58.45,3.84023380279541,6.76891946792603,18.7778968811035
"2024-05-09 20:10:00.0000",16.68,59.1,3.57136702537537,6.53557062149048,30.8991165161133
"2024-05-09 19:43:55.0000",,,,,
"2024-05-09 20:20:00.0000",16.47,60.54,3.60934710502625,6.43686819076538,11.2625598907471
"2024-05-09 20:00:23.0000",,,,,
"2024-05-09 20:30:00.0000",16.08,61.9,3.88963079452515,8.77423858642578,18.2211151123047
"2024-05-09 20:40:00.0000",15.83,62.65,3.68568468093872,6.48952865600586,11.496413230896
"2024-05-09 20:17:52.0000",,,,,
"2024-05-09 20:35:22.0000",,,,,
"2024-05-09 21:00:00.0000",15.48,64.03,4.18161582946777,7.4153003692627,18.1058235168457
"2024-05-09 20:50:00.0000",15.57,63.31,3.82325458526611,7.09553813934326,17.4855079650879
"2024-05-09 21:10:00.0000",15.43,64.28,4.07736682891846,6.53927135467529,12.8195085525513
"2024-05-09 21:20:00.0000",15.28,64.83,4.44084024429321,7.94228219985962,13.9124708175659
"2024-05-09 20:53:52.0000",,,,,
"2024-05-09 21:30:00.0000",15.1,65.61,4.0293083190918,6.56646347045898,11.8767910003662
"2024-05-09 21:10:25.0000",,,,,
"2024-05-09 21:27:55.0000",,,,,
"2024-05-09 21:50:00.0000",14.98,67.25,4.82136392593384,8.74652576446533,15.274097442627
"2024-05-09 21:40:00.0000",15.02,66.56,4.42688417434692,7.21751022338867,19.2185897827148
"2024-05-09 22:00:00.0000",14.96,67.93,4.10600280761719,6.97662687301636,12.3337497711182
"2024-05-09 22:10:00.0000",14.98,67.88,4.77007150650024,7.5911021232605,10.9706945419312
"2024-05-09 21:45:21.0000",,,,,
"2024-05-09 22:20:00.0000",14.97,67.5,5.18387699127197,8.04970836639404,15.5311012268066
"2024-05-09 22:30:00.0000",14.98,67.39,4.72768497467041,8.49031448364258,22.1061305999756
"2024-05-09 22:03:51.0000",,,,,
"2024-05-09 22:40:00.0000",14.99,67.36,4.96771144866943,7.82633924484253,12.2426786422729
"2024-05-09 22:20:19.0000",,,,,
"2024-05-09 22:50:00.0000",15.05,67.66,5.85547256469727,9.50660228729248,20.7637767791748
"2024-05-09 23:00:00.0000",15.07,68.04,6.04548406600952,10.031569480896,33.704029083252
"2024-05-09 22:37:49.0000",,,,,
"2024-05-09 23:10:00.0000",15.08,68.33,5.14048051834106,9.27387523651123,17.3506526947021
"2024-05-09 22:55:20.0000",,,,,
"2024-05-09 23:20:00.0000",15.05,68.82,4.15272378921509,7.57940101623535,20.6228294372559
"2024-05-09 23:40:00.0000",14.4,71.26,3.82273364067078,7.04497671127319,25.8225631713867
"2024-05-09 23:30:00.0000",14.64,70.57,3.89365172386169,8.13580799102783,20.0618705749512
"2024-05-09 23:13:49.0000",,,,,
"2024-05-09 23:50:00.0000",14.34,72.15,4.01493453979492,7.14501428604126,16.532865524292
"2024-05-09 23:30:22.0000",,,,,
"2024-05-10 00:00:00.0000",14.34,72.42,4.2714467048645,8.12184619903564,21.9504909515381
"2024-05-10 00:10:00.0000",14.31,72.95,4.26784086227417,8.41732501983643,19.0482940673828
"2024-05-09 23:47:52.0000",,,,,
"2024-05-10 00:20:00.0000",14.25,73.4,4.3140811920166,8.33457088470459,16.8878326416016
"2024-05-10 00:05:23.0000",,,,,
"2024-05-10 00:30:00.0000",14.26,73.89,4.8697075843811,8.49479007720947,19.5193119049072
"2024-05-10 00:50:00.0000",14.37,74.28,5.28828239440918,10.268310546875,19.8281993865967
"2024-05-10 00:40:00.0000",14.28,74.17,4.99772644042969,8.41527366638184,12.6615858078003
"2024-05-10 00:23:47.0000",,,,,
"2024-05-10 00:40:21.0000",,,,,
"2024-05-10 01:00:00.0000",14.38,75.04,6.98857164382935,12.9551391601562,33.0368118286133
"2024-05-10 01:20:00.0000",14.27,74.63,7.06182479858398,13.0437812805176,45.2967643737793
"2024-05-10 01:10:00.0000",14.39,74.76,7.49555587768555,12.5808010101318,26.656644821167
"2024-05-10 00:57:51.0000",,,,,
"2024-05-10 01:30:00.0000",14.2,74.87,7.09927845001221,12.0497159957886,27.621467590332
"2024-05-10 01:40:00.0000",14.13,75.18,7.24820232391357,12.3375654220581,26.0125064849854
"2024-05-10 01:15:20.0000",,,,,
"2024-05-10 02:00:00.0000",14.06,75.56,8.462082862854,14.6115703582764,36.0034255981445
"2024-05-10 01:50:00.0000",14.09,75.28,7.83477783203125,12.747218132019,34.6683082580566
"2024-05-10 01:33:51.0000",,,,,
"2024-05-10 01:50:20.0000",,,,,
"2024-05-10 02:10:00.0000",14.01,75.94,8.55502223968506,13.2661609649658,21.0507755279541
"2024-05-10 02:20:00.0000",13.99,76.32,10.1408739089966,15.5021238327026,26.7560977935791
"2024-05-10 02:07:49.0000",,,,,
"2024-05-10 02:30:00.0000",13.99,76.38,9.82143688201904,15.8988838195801,32.2197418212891
"2024-05-10 02:50:00.0000",14.04,76.48,10.4954204559326,16.3248844146729,37.4493751525879
"2024-05-10 02:40:00.0000",14.01,76.52,9.81464195251465,15.3590621948242,37.4924545288086
"2024-05-10 02:25:18.0000",,,,,
"2024-05-10 03:00:00.0000",14.04,76.53,9.26724243164062,14.1915769577026,31.2788372039795
"2024-05-10 03:10:00.0000",13.96,76.67,9.09280681610107,14.2601041793823,32.9200668334961
"2024-05-10 02:43:51.0000",,,,,
"2024-05-10 03:00:17.0000",,,,,
"2024-05-10 03:20:00.0000",13.88,76.69,9.62954998016357,14.9803714752197,25.1164951324463
"2024-05-10 03:40:00.0000",13.72,77.1,10.456503868103,15.194712638855,29.1115665435791
"2024-05-10 03:30:00.0000",13.79,76.87,10.6992158889771,15.8435955047607,26.4021987915039
"2024-05-10 03:17:48.0000",,,,,
"2024-05-10 03:50:00.0000",13.73,77.26,10.7630023956299,16.5794448852539,29.8560886383057
"2024-05-10 03:35:22.0000",,,,,
"2024-05-10 04:00:00.0000",13.77,77.42,10.6158599853516,16.0773334503174,23.1057586669922
"2024-05-10 04:10:00.0000",13.78,77.37,10.5809631347656,14.6997117996216,21.2838611602783
"2024-05-10 04:20:00.0000",13.85,77.54,10.1896915435791,14.8603134155273,25.4719753265381
"2024-05-10 03:53:49.0000",,,,,
"2024-05-10 04:30:00.0000",13.93,77.43,10.4404497146606,14.9079828262329,20.8056201934814
"2024-05-10 04:10:22.0000",,,,,
"2024-05-10 04:50:00.0000",14.03,77.29,11.088547706604,16.7978057861328,33.2301826477051
"2024-05-10 04:40:00.0000",14.03,77.42,10.6932716369629,16.4949645996094,28.7816944122314
"2024-05-10 04:27:52.0000",,,,,
"2024-05-10 05:10:00.0000",14.11,77.18,11.1768007278442,16.6100978851318,22.8906307220459
"2024-05-10 05:00:00.0000",14.05,77.28,10.8858203887939,15.7416315078735,24.4555740356445
"2024-05-10 04:45:22.0000",,,,,
"2024-05-10 05:30:00.0000",14.22,77.4,10.1866416931152,15.6793279647827,28.2632999420166
"2024-05-10 05:20:00.0000",14.16,77.17,10.2565498352051,15.6277732849121,23.6462745666504
"2024-05-10 05:03:50.0000",,,,,
"2024-05-10 05:20:19.0000",,,,,
"2024-05-10 05:40:00.0000",14.31,77.33,10.2588510513306,14.1159257888794,17.4807834625244
"2024-05-10 05:50:00.0000",14.46,77.02,11.861720085144,18.2778720855713,34.5415000915527
"2024-05-10 05:37:48.0000",,,,,
"2024-05-10 06:00:00.0000",14.55,76.51,12.9603404998779,18.2892379760742,25.3097171783447
"2024-05-10 06:20:00.0000",14.84,72.97,13.9379253387451,19.3879871368408,29.2881908416748
"2024-05-10 06:10:00.0000",14.67,74.38,13.884690284729,20.290412902832,30.2739772796631
"2024-05-10 05:55:18.0000",,,,,
"2024-05-10 06:40:00.0000",15.34,71.76,14.5312204360962,20.9876728057861,33.5370826721191
"2024-05-10 06:13:49.0000",,,,,
"2024-05-10 06:30:00.0000",15.1,72.64,13.7064266204834,19.8503341674805,33.1705513000488
"2024-05-10 06:50:00.0000",15.54,71.15,13.9190158843994,20.323558807373,34.1525917053223
"2024-05-10 06:30:18.0000",,,,,
"2024-05-10 07:00:00.0000",15.82,70.44,14.5740728378296,21.4884834289551,43.5767059326172
"2024-05-10 07:10:00.0000",15.98,70.25,14.502875328064,21.2965545654297,45.9165534973145
"2024-05-10 06:47:49.0000",,,,,
"2024-05-10 07:30:00.0000",15.97,71.67,13.0832834243774,19.1783237457275,40.0611343383789
"2024-05-10 07:20:00.0000",16.02,71.02,13.6370410919189,19.336763381958,27.1233978271484
"2024-05-10 07:05:18.0000",,,,,
"2024-05-10 07:40:00.0000",16.25,71.61,12.4399394989014,18.4080047607422,32.9666175842285
"2024-05-10 07:23:48.0000",,,,,
"2024-05-10 07:50:00.0000",16.35,70.75,14.1306686401367,20.7786331176758,29.4646129608154
"2024-05-10 07:40:17.0000",,,,,
"2024-05-10 08:00:00.0000",16.34,70.51,15.5885305404663,22.017578125,35.5851631164551
"2024-05-10 07:57:51.0000",,,,,
"2024-05-10 08:20:00.0000",16.67,68.96,14.029932975769,20.147087097168,32.8801193237305
"2024-05-10 08:10:00.0000",16.39,70.06,16.6070919036865,23.0664215087891,29.5496559143066
"2024-05-10 08:30:00.0000",17.07,66.78,12.4358720779419,20.0653915405273,40.5564270019531
"2024-05-10 08:40:00.0000",17.48,66.06,12.7710828781128,19.3041954040527,30.5274219512939
"2024-05-10 08:15:20.0000",,,,,
"2024-05-10 09:00:00.0000",17.59,65.31,14.5509920120239,20.4863166809082,27.4559230804443
"2024-05-10 08:33:53.0000",,,,,
"2024-05-10 08:50:00.0000",17.48,65.93,14.518404006958,21.0521907806396,37.3910331726074
"2024-05-10 08:50:20.0000",,,,,
"2024-05-10 09:10:00.0000",18,63.29,12.9140291213989,19.3268489837646,35.5813369750977
"2024-05-10 09:07:49.0000",,,,,
"2024-05-10 09:30:00.0000",18.84,60.14,10.509838104248,16.1105117797852,38.4059181213379
"2024-05-10 09:20:00.0000",18.42,61.43,11.1301584243774,16.8413562774658,31.7640781402588
"2024-05-10 09:50:00.0000",19.26,56.85,9.24189472198486,13.9267253875732,21.1893768310547
"2024-05-10 09:25:19.0000",,,,,
"2024-05-10 09:40:00.0000",19.13,58.45,9.87857913970947,15.9004154205322,29.0597229003906
"2024-05-10 10:00:00.0000",19.47,57.15,9.74753952026367,15.2468872070312,35.560905456543
"2024-05-10 10:10:00.0000",19.68,57.8,10.5563011169434,16.8624153137207,28.0157299041748
"2024-05-10 09:43:50.0000",,,,,
"2024-05-10 10:00:19.0000",,,,,
"2024-05-10 10:20:00.0000",20.08,57.31,7.5263876914978,12.3976526260376,24.9407691955566
"2024-05-10 10:30:00.0000",20.32,55.34,6.24841976165771,12.1928415298462,26.0046997070312
"2024-05-10 10:17:47.0000",,,,,
"2024-05-10 10:40:00.0000",20.52,56.08,6.99548244476318,12.4893646240234,22.9683818817139
"2024-05-10 10:35:18.0000",,,,,
"2024-05-10 11:00:00.0000",21,53.71,5.8107442855835,10.1573305130005,21.2701988220215
"2024-05-10 10:50:00.0000",20.8,54.54,5.35796165466309,9.90635967254639,24.1620101928711
"2024-05-10 10:53:44.0000",,,,,
"2024-05-10 10:55:15.0000",,,,,
"2024-05-10 11:10:00.0000",21.27,52.49,5.92168283462524,9.88077259063721,29.1076316833496
"2024-05-10 11:10:18.0000",,,,,
"2024-05-10 11:20:00.0000",21.57,50.9,6.13948154449463,10.8451242446899,25.5179252624512
"2024-05-10 11:30:00.0000",21.56,49.94,7.44731855392456,11.4788875579834,32.3143043518066
"2024-05-10 11:27:47.0000",,,,,
"2024-05-10 11:40:00.0000",22.01,50.79,8.42792415618896,11.9194688796997,20.2999649047852
"2024-05-10 11:45:18.0000",,,,,
"2024-05-10 11:50:00.0000",22.29,49.74,6.99773740768433,11.9217681884766,23.6543350219727
"2024-05-10 12:00:00.0000",22.82,48.77,7.75717258453369,12.5410223007202,30.1243171691895
"2024-05-10 12:03:43.0000",,,,,
"2024-05-10 12:10:00.0000",24.22,46.86,5.81089401245117,9.62807178497314,23.8249969482422
"2024-05-10 12:20:00.0000",24.89,44.86,5.37250661849976,8.79933071136475,32.4523544311523
"2024-05-10 12:30:00.0000",24.41,41.32,4.31949138641357,7.83983755111694,21.8352928161621
"2024-05-10 12:20:15.0000",,,,,
"2024-05-10 12:40:00.0000",23.8,43.36,5.661217212677,10.049578666687,29.0111312866211
"2024-05-10 12:37:46.0000",,,,,
"2024-05-10 13:00:00.0000",23.93,38.12,1.25419688224792,3.08787441253662,10.7175397872925
"2024-05-10 12:50:00.0000",24.06,39.99,2.79480338096619,5.50588703155518,12.636420249939
"2024-05-10 12:55:15.0000",,,,,
"2024-05-10 13:10:00.0000",24.77,38.12,1.22920370101929,2.61886405944824,13.3809423446655
"2024-05-10 13:13:45.0000",,,,,
"2024-05-10 13:20:00.0000",25.58,36.97,2.28672647476196,4.93574380874634,23.9722080230713
"2024-05-10 13:30:00.0000",25.42,35.67,2.7519896030426,5.67493772506714,20.5209789276123
"2024-05-10 13:30:14.0000",,,,,
"2024-05-10 13:40:00.0000",25.79,37.6,3.21344089508057,6.30537748336792,25.6730422973633
"2024-05-10 13:47:44.0000",,,,,
"2024-05-10 13:50:00.0000",26.09,35.96,2.76964020729065,5.97364091873169,16.8994064331055
"2024-05-10 14:00:00.0000",26.23,35.94,2.96248149871826,5.98716497421265,14.9518556594849
"2024-05-10 14:10:00.0000",27.21,33.98,2.15293622016907,5.72586727142334,21.5635089874268
"2024-05-10 14:05:14.0000",,,,,
"2024-05-10 14:30:00.0000",28.11,31.69,1.76785683631897,4.15819835662842,18.5069465637207
"2024-05-10 14:20:00.0000",28.17,32.89,1.97858774662018,4.33692932128906,12.2521743774414
"2024-05-10 14:23:43.0000",,,,,
"2024-05-10 14:40:00.0000",28.62,31.29,1.46980023384094,3.88799571990967,14.3837013244629
"2024-05-10 14:40:17.0000",,,,,
"2024-05-10 14:50:00.0000",28.34,32.29,1.69059824943542,3.89308786392212,9.8891487121582
"2024-05-10 15:00:00.0000",28.27,32.41,2.18212199211121,6.27714586257935,22.3658542633057
"2024-05-10 15:10:00.0000",27.48,32.62,1.93094205856323,4.45875072479248,18.4261074066162
"2024-05-10 14:57:47.0000",,,,,
"2024-05-10 15:15:17.0000",,,,,
"2024-05-13 12:30:00.0000",18.09,62.07,0.64251708984375,2.3412227630615234,16.627290725708008
"2024-05-13 12:20:00.0000",18.04,61.43,0.539273738861084,1.661694884300232,12.036918640136719
"2024-05-13 12:10:00.0000",18.03,61.04,0.74616938829422,2.585937738418579,30.098766326904297
"2024-05-13 12:00:00.0000",18.01,60.79,0.6116014122962952,2.29904842376709,14.698873519897461
"2024-05-13 11:50:00.0000",17.99,60.62,0.7589737772941589,2.5529897212982178,28.053070068359375
"2024-05-13 11:40:00.0000",17.89,60.98,1.4623068571090698,3.55045485496521,19.254541397094727
"2024-05-13 11:30:00.0000",17.43,61.78,1.0720806121826172,2.8401620388031006,7.273437023162842
"2024-05-13 11:20:00.0000",17.25,62.24,1.2588412761688232,3.3108503818511963,14.090893745422363
"2024-05-13 11:10:00.0000",17.24,62.28,1.0639843940734863,2.7060961723327637,14.592117309570312
"2024-05-13 11:00:00.0000",17.14,62.52,1.4406758546829224,2.9427385330200195,9.44729232788086
"2024-05-13 10:50:00.0000",17.23,62.36,1.6679844856262207,3.6647443771362305,19.564088821411133
"2024-05-13 10:40:00.0000",17.33,63.6,2.435487747192383,4.403189182281494,8.754939079284668
"2024-05-13 10:30:00.0000",17.23,63.69,2.938650369644165,4.9513163566589355,10.163771629333496
"2024-05-13 10:20:00.0000",17.22,64.39,3.5575075149536133,6.206289768218994,19.273496627807617
"2024-05-13 10:10:00.0000",17.54,63.47,3.656198740005493,7.040106296539307,18.008777618408203
"2024-05-13 10:00:00.0000",17.92,62.93,3.386747360229492,5.677422046661377,19.77164077758789
"2024-05-13 09:50:00.0000",17.48,65.43,6.033663749694824,9.371147155761719,24.917543411254883
"2024-05-13 09:40:00.0000",17.5,63.38,4.649906635284424,7.503345966339111,15.02438735961914
"2024-05-13 09:30:00.0000",17.34,63.22,3.6607320308685303,6.6639862060546875,17.852724075317383
"2024-05-13 09:20:00.0000",17.33,64.26,5.496988296508789,8.425869941711426,14.287369728088379
"2024-05-13 09:10:00.0000",17.42,64.63,4.913109302520752,8.201440811157227,17.150541305541992
"2024-05-13 09:00:00.0000",17.32,65.56,4.72856330871582,8.062310218811035,19.149002075195312
"2024-05-13 08:50:00.0000",16.95,65.67,5.0870771408081055,8.516151428222656,19.83477783203125
"2024-05-13 08:40:00.0000",16.77,66.12,3.5871222019195557,5.58091402053833,13.585175514221191
"2024-05-13 08:30:00.0000",16.3,66.73,2.337327718734741,4.112468242645264,18.845901489257812
"2024-05-13 08:20:00.0000",16.07,66.64,2.4672703742980957,4.7852373123168945,13.728616714477539
"2024-05-13 08:10:00.0000",16,67.8,1.7535113096237183,3.1833348274230957,6.257253646850586
"2024-05-13 08:00:00.0000",15.71,69.2,2.333226442337036,4.280716419219971,19.7661190032959
"2024-05-13 07:50:00.0000",15.53,72.42,3.998882293701172,6.292144775390625,16.527475357055664
"2024-05-13 07:40:00.0000",15.26,73.98,4.136146068572998,6.214707851409912,11.471806526184082
"2024-05-13 07:30:00.0000",14.88,75.38,4.48621940612793,6.598778247833252,19.070728302001953
"2024-05-13 07:20:00.0000",14.68,76.67,4.712575435638428,6.691185474395752,17.875444412231445
"2024-05-13 07:10:00.0000",14.55,77.7,5.098888397216797,7.781838893890381,17.705839157104492
"2024-05-13 07:00:00.0000",14.63,76.85,4.646091938018799,8.029370307922363,13.96878719329834
"2024-05-13 06:50:00.0000",14.51,77.55,4.7249064445495605,8.824207305908203,24.773500442504883
"2024-05-13 06:40:00.0000",14.53,77.78,4.528761386871338,7.520543575286865,14.554272651672363
"2024-05-13 06:30:00.0000",14.65,79.52,5.602936744689941,8.690264701843262,15.874774932861328
"2024-05-13 06:20:00.0000",14.45,81.31,7.463998794555664,10.57451057434082,23.374256134033203
"2024-05-13 06:10:00.0000",14.14,83.37,9.22597599029541,13.725236892700195,23.783935546875
"2024-05-13 06:00:00.0000",13.8,85.52,12.58252239227295,17.634313583374023,36.56715393066406
"2024-05-13 05:50:00.0000",13.54,86.62,14.351622581481934,21.105525970458984,33.380943298339844
"2024-05-13 05:40:00.0000",13.34,87.66,17.24209976196289,24.884220123291016,35.27480697631836
"2024-05-13 05:30:00.0000",13.31,88.73,21.98756217956543,31.506420135498047,42.573516845703125
"2024-05-13 05:20:00.0000",13.49,88.52,23.34019660949707,34.86122131347656,45.88762664794922
"2024-05-13 05:10:00.0000",13.76,87.54,21.45132827758789,31.020627975463867,38.97644805908203
"2024-05-13 05:00:00.0000",14,88.1,22.704191207885742,32.677127838134766,41.32957077026367
"2024-05-13 04:50:00.0000",14.04,89.04,27.350643157958984,39.330692291259766,65.41138458251953
"2024-05-13 04:40:00.0000",14.01,88.36,28.40980339050293,41.005455017089844,52.4443244934082
"2024-05-13 04:30:00.0000",14.22,87.16,25.255598068237305,35.97428894042969,45.9193000793457
"2024-05-13 04:20:00.0000",14.32,85.36,19.62734603881836,27.297412872314453,34.943641662597656
"2024-05-13 04:10:00.0000",14.47,86.43,21.805164337158203,31.70937728881836,39.88188552856445
"2024-05-13 04:00:00.0000",14.66,88.02,24.68423080444336,34.48548126220703,51.53410720825195
"2024-05-13 03:50:00.0000",14.76,88.47,24.482635498046875,34.896453857421875,43.853759765625
"2024-05-13 03:40:00.0000",14.89,89.77,21.01250457763672,29.01972198486328,40.23524475097656
"2024-05-13 03:30:00.0000",14.87,89.63,21.497596740722656,30.369665145874023,46.45115661621094
"2024-05-13 03:20:00.0000",14.85,89.39,21.45818519592285,31.104116439819336,46.894195556640625
"2024-05-13 03:10:00.0000",14.78,89.09,27.159948348999023,39.65534591674805,51.906517028808594
"2024-05-13 03:00:00.0000",14.73,88.75,31.282115936279297,45.31678009033203,62.7789192199707
"2024-05-13 02:50:00.0000",14.76,89.1,30.590190887451172,45.0721321105957,63.46404266357422
"2024-05-13 02:40:00.0000",14.7,89.28,28.469038009643555,39.615657806396484,52.09724044799805
"2024-05-13 02:30:00.0000",14.66,89.49,30.079742431640625,42.96079635620117,60.01958465576172
"2024-05-13 02:20:00.0000",14.56,89.61,30.298202514648438,43.96870803833008,60.621498107910156
"2024-05-13 02:10:00.0000",14.54,89.65,30.463979721069336,43.11765670776367,59.74089050292969
"2024-05-13 02:00:00.0000",14.57,89.57,30.094749450683594,42.56834030151367,57.63228225708008
"2024-05-13 01:50:00.0000",14.59,89.23,29.043668746948242,42.21572494506836,56.00190353393555
"2024-05-13 01:40:00.0000",14.71,88.41,27.486812591552734,39.48544692993164,49.68192672729492
"2024-05-13 01:30:00.0000",14.81,87.73,26.30735969543457,39.303260803222656,53.074790954589844
"2024-05-13 01:20:00.0000",14.93,88.4,25.66314125061035,37.327396392822266,50.572513580322266
"2024-05-13 01:10:00.0000",15.08,89.15,23.19281768798828,33.44584274291992,57.767356872558594
"2024-05-13 01:00:00.0000",15.24,90.28,17.415401458740234,24.524900436401367,40.44443130493164
"2024-05-13 00:50:00.0000",15.31,91.59,18.436649322509766,26.06780433654785,51.246761322021484
"2024-05-13 00:40:00.0000",15.29,91.87,19.344158172607422,26.989105224609375,40.72372055053711
"2024-05-13 00:30:00.0000",15.32,91.81,22.519987106323242,31.069957733154297,45.52596664428711
"2024-05-13 00:20:00.0000",15.39,91.87,23.236255645751953,32.90655517578125,53.996070861816406
"2024-05-13 00:10:00.0000",15.43,90.95,15.462173461914062,20.392715454101562,25.608509063720703
"2024-05-13 00:00:00.0000",15.57,90.75,17.826828002929688,25.297163009643555,54.36947250366211
"2024-05-12 23:50:00.0000",15.78,90.39,14.349509239196777,20.98016357421875,35.952877044677734
"2024-05-12 23:40:00.0000",15.93,89.89,11.244040489196777,15.920517921447754,22.943307876586914
"2024-05-12 23:30:00.0000",16.04,89.45,15.997742652893066,23.40833854675293,33.38882064819336
"2024-05-12 23:20:00.0000",16.24,89.46,15.54228687286377,23.633621215820312,43.86320114135742
"2024-05-12 23:10:00.0000",16.42,88.58,13.419343948364258,21.039318084716797,32.762630462646484
"2024-05-12 23:00:00.0000",16.51,87.99,11.107213020324707,16.716014862060547,28.670778274536133
"2024-05-12 22:50:00.0000",16.64,87.28,10.3884859085083,17.19391632080078,26.0699520111084
"2024-05-12 22:40:00.0000",16.66,86.61,9.784111976623535,16.275108337402344,31.517484664916992
"2024-05-12 22:30:00.0000",16.67,86.5,9.034184455871582,14.95750904083252,28.158374786376953
"2024-05-12 22:20:00.0000",16.6,86.73,8.397941589355469,14.074843406677246,28.035236358642578
"2024-05-12 22:10:00.0000",16.57,86.99,7.948660373687744,12.181458473205566,17.50096893310547
"2024-05-12 22:00:00.0000",16.5,87.09,7.555962562561035,12.988771438598633,32.56953811645508
"2024-05-12 21:50:00.0000",16.56,86.96,6.157715320587158,10.650799751281738,19.322385787963867
"2024-05-12 21:40:00.0000",16.62,86.51,4.389634609222412,7.722355842590332,15.16635513305664
"2024-05-12 21:30:00.0000",16.58,86.54,4.561223983764648,7.929192066192627,14.212333679199219
"2024-05-12 21:20:00.0000",16.54,86.45,4.123440742492676,7.288492202758789,12.219876289367676
"2024-05-12 21:10:00.0000",16.55,85.02,2.6775295734405518,6.040613174438477,20.014541625976562
"2024-05-12 21:00:00.0000",16.59,84.44,2.412475109100342,5.236085891723633,10.166131019592285
"2024-05-12 20:50:00.0000",16.68,85.02,2.590437173843384,5.101503372192383,10.957606315612793
"2024-05-12 20:40:00.0000",16.67,85.5,3.0220444202423096,5.679359436035156,26.258758544921875
"2024-05-12 20:30:00.0000",16.68,84.63,2.8122222423553467,5.785251617431641,16.794811248779297
"2024-05-12 20:20:00.0000",16.6,82.93,1.6845111846923828,3.724321126937866,8.156095504760742
"2024-05-12 20:10:00.0000",16.5,84.42,1.4266715049743652,2.9593875408172607,10.925649642944336
"2024-05-12 20:00:00.0000",16.36,85.94,1.8720779418945312,4.716921329498291,11.708683013916016
"2024-05-12 19:50:00.0000",16.16,87.06,2.1376636028289795,6.056752681732178,11.843850135803223
"2024-05-12 19:40:00.0000",15.96,87.49,2.0298922061920166,5.245521545410156,13.319093704223633
"2024-05-12 19:30:00.0000",16.02,86.24,2.0071804523468018,5.9364190101623535,26.876474380493164
"2024-05-12 19:20:00.0000",16.02,85.73,2.3772335052490234,7.455315589904785,22.679195404052734
"2024-05-12 19:10:00.0000",16.08,85.37,3.205728769302368,9.18686294555664,24.609487533569336
"2024-05-12 19:00:00.0000",16.72,81.78,2.3310744762420654,6.635941028594971,25.54755401611328
"2024-05-12 18:50:00.0000",17.21,80.43,2.5512077808380127,7.74677038192749,18.77908706665039
"2024-05-12 18:40:00.0000",16.99,82.32,2.868903636932373,7.4959797859191895,19.682165145874023
"2024-05-12 18:30:00.0000",16.93,79.48,2.4678144454956055,7.624698638916016,21.4952392578125
"2024-05-12 18:20:00.0000",17.49,77.23,2.2041451930999756,7.987062931060791,27.801294326782227
"2024-05-12 18:10:00.0000",17.97,80.27,7.850234031677246,17.567935943603516,42.533180236816406
"2024-05-12 18:00:00.0000",18.36,79.03,8.374186515808105,20.65281867980957,58.27285385131836
"2024-05-12 17:50:00.0000",18.54,76.45,7.053529262542725,18.782058715820312,46.712562561035156
"2024-05-12 17:40:00.0000",19.38,74.33,6.397483825683594,17.04831886291504,46.646156311035156
"2024-05-12 17:30:00.0000",19.7,69.65,5.820779800415039,15.755681991577148,38.69881820678711
"2024-05-12 17:20:00.0000",20.14,66.3,6.852393627166748,16.54629898071289,43.797019958496094
"2024-05-12 17:10:00.0000",21.25,61.49,6.382932186126709,13.353261947631836,43.12706756591797
"2024-05-12 17:00:00.0000",22.92,56.18,5.610188961029053,12.894462585449219,48.89191436767578
"2024-05-12 16:50:00.0000",24.23,50.27,2.4333395957946777,7.76330041885376,34.10624313354492
"2024-05-12 16:40:00.0000",24.66,47.81,2.1883111000061035,5.13563346862793,24.79279327392578
"2024-05-12 16:30:00.0000",25.06,47.27,2.391432285308838,5.237351417541504,12.441182136535645
"2024-05-12 16:20:00.0000",25.28,46.51,2.925630807876587,5.644278526306152,20.125736236572266
"2024-05-12 16:10:00.0000",25.62,45.6,3.1026527881622314,6.1793012619018555,19.442489624023438
"2024-05-12 16:00:00.0000",26.06,44.74,2.8811724185943604,5.688338279724121,14.753823280334473
"2024-05-12 15:50:00.0000",26.75,43.09,2.458498477935791,5.414172172546387,12.351977348327637
"2024-05-12 15:40:00.0000",27.61,41.95,2.9845213890075684,6.49476957321167,14.540986061096191
"2024-05-12 15:30:00.0000",27.8,41.62,3.239293336868286,7.175520896911621,20.638498306274414
"2024-05-12 15:20:00.0000",27.94,40.92,3.053410768508911,6.529341697692871,27.218406677246094
"2024-05-12 15:10:00.0000",28.26,41.08,3.767449378967285,7.0606818199157715,20.482765197753906
"2024-05-12 15:00:00.0000",26.99,42.58,4.133363723754883,7.749495506286621,14.758201599121094
"2024-05-12 14:50:00.0000",27.43,42.12,3.900578737258911,7.151890754699707,19.56652069091797
"2024-05-12 14:40:00.0000",26.84,43.55,4.6945905685424805,8.268866539001465,30.880834579467773
"2024-05-12 14:30:00.0000",26.23,45.27,4.352457046508789,7.729935646057129,22.65638542175293
"2024-05-12 14:20:00.0000",25.84,45.17,4.232651710510254,7.676396369934082,19.606115341186523
"2024-05-12 14:10:00.0000",26.02,44.92,4.106019020080566,7.084859848022461,21.680400848388672
"2024-05-12 14:00:00.0000",26.02,45.27,4.88377571105957,8.085858345031738,28.200336456298828
"2024-05-12 13:50:00.0000",25.68,46.2,4.791763782501221,8.478609085083008,29.073144912719727
"2024-05-12 13:40:00.0000",25.82,46.4,4.959923267364502,8.250842094421387,24.058025360107422
"2024-05-12 13:30:00.0000",25.83,46.48,4.705121040344238,8.313859939575195,19.809249877929688
"2024-05-12 13:20:00.0000",24,51.27,5.8041276931762695,9.607608795166016,26.373798370361328
"2024-05-12 13:10:00.0000",24.67,48.61,5.3910651206970215,9.212146759033203,19.180830001831055
"2024-05-12 13:00:00.0000",24.33,49.16,4.981766700744629,8.60085391998291,22.462162017822266
"2024-05-12 12:50:00.0000",23.51,52.57,5.6969313621521,9.268949508666992,18.16804313659668
"2024-05-12 12:40:00.0000",22.92,53.33,7.647946357727051,11.683834075927734,19.463481903076172
"2024-05-12 12:30:00.0000",22.57,54.81,6.128259181976318,9.691787719726562,25.509376525878906
"2024-05-12 12:20:00.0000",22.36,54.37,7.583683490753174,10.987982749938965,22.053335189819336
"2024-05-12 12:10:00.0000",23.07,53.52,7.015251159667969,11.216802597045898,24.587322235107422
"2024-05-12 12:00:00.0000",23.31,52.67,6.815532684326172,10.187952995300293,17.283279418945312
"2024-05-12 11:50:00.0000",23.55,51.75,6.0754547119140625,9.502333641052246,27.86501121520996
"2024-05-12 11:40:00.0000",24.74,48.91,6.22578763961792,9.699018478393555,22.968793869018555
"2024-05-12 11:30:00.0000",24.01,51.29,6.647091388702393,10.994799613952637,32.52889633178711
"2024-05-12 11:20:00.0000",23.88,50.93,6.601773738861084,10.359396934509277,21.565805435180664
"2024-05-12 11:10:00.0000",23.4,52.31,6.710183143615723,10.543267250061035,17.407712936401367
"2024-05-12 11:00:00.0000",22.98,53.27,7.273872375488281,10.909262657165527,22.585575103759766
"2024-05-12 10:50:00.0000",22.35,55.65,7.719844818115234,12.045472145080566,27.853456497192383
"2024-05-12 10:40:00.0000",21.31,57.44,8.900602340698242,13.489377975463867,29.935352325439453
"2024-05-12 10:30:00.0000",20.54,59.51,9.993985176086426,15.514613151550293,29.82250213623047
"2024-05-12 10:20:00.0000",20.23,59.81,10.57780933380127,14.913240432739258,19.966581344604492
"2024-05-12 10:10:00.0000",20.74,58.25,10.723587989807129,15.077371597290039,24.683446884155273
"2024-05-12 10:00:00.0000",20.44,58.86,8.903277397155762,12.585606575012207,23.29281997680664
"2024-05-12 09:50:00.0000",19.72,60.37,8.545650482177734,12.298966407775879,17.872644424438477
"2024-05-12 09:40:00.0000",20.43,56.91,7.864531993865967,11.098971366882324,16.890552520751953
"2024-05-12 09:30:00.0000",20.2,57.05,8.182272911071777,11.948999404907227,21.29648208618164
"2024-05-12 09:20:00.0000",20.02,57.07,8.178691864013672,12.388883590698242,22.698640823364258
"2024-05-12 09:10:00.0000",19.94,56.63,7.854407787322998,11.720749855041504,20.0031795501709
"2024-05-12 09:00:00.0000",19.82,56.59,7.020105838775635,10.171343803405762,17.618318557739258
"2024-05-12 08:50:00.0000",19.33,57.82,7.3878397941589355,10.840529441833496,16.229143142700195
"2024-05-12 08:40:00.0000",18.93,58.98,7.81048583984375,10.606528282165527,14.056283950805664
"2024-05-12 08:30:00.0000",18.75,59.49,7.725339412689209,11.022220611572266,19.458118438720703
"2024-05-12 08:20:00.0000",18.47,60.31,7.365728855133057,10.565863609313965,24.14914321899414
"2024-05-12 08:10:00.0000",18.12,61.31,8.44772720336914,12.283275604248047,24.632631301879883
"2024-05-12 08:00:00.0000",17.57,62.99,9.034477233886719,12.337281227111816,31.861238479614258
"2024-05-12 07:50:00.0000",17.09,64.03,9.085566520690918,12.456602096557617,19.231277465820312
"2024-05-12 07:40:00.0000",16.91,64.64,8.024648666381836,11.299171447753906,20.29656219482422
"2024-05-12 07:30:00.0000",16.75,65.36,8.817001342773438,12.564432144165039,19.010194778442383
"2024-05-12 07:20:00.0000",16.49,66.28,8.908387184143066,13.129155158996582,18.454830169677734
"2024-05-12 07:10:00.0000",16.3,67.41,9.303796768188477,12.56152629852295,20.088375091552734
"2024-05-12 07:00:00.0000",15.94,68.72,9.189115524291992,13.139601707458496,30.419511795043945
"2024-05-12 06:50:00.0000",15.74,69.58,9.828489303588867,13.820649147033691,18.32295799255371
"2024-05-12 06:40:00.0000",15.69,70.08,9.093631744384766,12.696690559387207,21.454172134399414
"2024-05-12 06:30:00.0000",15.6,70.83,9.62523078918457,13.953676223754883,23.518465042114258
"2024-05-12 06:20:00.0000",15.44,71.93,9.627486228942871,14.03080940246582,20.094161987304688
"2024-05-12 06:10:00.0000",15.39,72.63,9.500568389892578,13.707676887512207,23.328205108642578
"2024-05-12 06:00:00.0000",15.31,72.81,9.78488540649414,14.423935890197754,23.193864822387695
"2024-05-12 05:50:00.0000",15.3,73.45,10.348661422729492,14.234709739685059,28.000661849975586
"2024-05-12 05:40:00.0000",15.33,73.83,10.281147956848145,14.602523803710938,25.918622970581055
"2024-05-12 05:30:00.0000",15.31,74.1,10.17409610748291,15.241133689880371,26.584150314331055
"2024-05-12 05:20:00.0000",15.38,74.37,10.0636625289917,14.338898658752441,19.94994354248047
"2024-05-12 05:10:00.0000",15.42,74.62,10.266132354736328,15.093695640563965,26.90645980834961
"2024-05-12 05:00:00.0000",15.5,74.5,10.819901466369629,15.477067947387695,26.912750244140625
"2024-05-12 04:50:00.0000",15.58,74.28,11.015692710876465,15.734875679016113,23.81486701965332
"2024-05-12 04:40:00.0000",15.7,73.66,10.490586280822754,15.099950790405273,19.990921020507812
"2024-05-12 04:30:00.0000",15.74,73.59,9.904525756835938,14.04535961151123,24.017362594604492
"2024-05-12 04:20:00.0000",15.79,73.76,10.296216011047363,15.09850788116455,28.969139099121094
"2024-05-12 04:10:00.0000",15.79,74.23,10.31613540649414,14.400586128234863,20.6924991607666
"2024-05-12 04:00:00.0000",15.84,74.66,10.809593200683594,15.397106170654297,26.30061149597168
"2024-05-12 03:50:00.0000",15.92,74.77,10.65900707244873,15.516304016113281,22.549484252929688
"2024-05-12 03:40:00.0000",15.97,74.87,11.111946105957031,16.443363189697266,41.24776077270508
"2024-05-12 03:30:00.0000",15.95,74.94,11.10010051727295,16.474842071533203,33.806461334228516
"2024-05-12 03:20:00.0000",15.98,75.18,10.770258903503418,15.959420204162598,27.520545959472656
"2024-05-12 03:10:00.0000",16.01,75.02,10.514598846435547,15.243583679199219,24.88990592956543
"2024-05-12 03:00:00.0000",16.09,75.07,10.686172485351562,15.20660400390625,21.147050857543945
"2024-05-12 02:50:00.0000",16.21,75.04,10.752915382385254,15.389081001281738,25.70124053955078
"2024-05-12 02:40:00.0000",16.33,74.67,10.408519744873047,14.850303649902344,27.2910213470459
"2024-05-12 02:30:00.0000",16.47,74,10.020342826843262,14.75301742553711,20.432720184326172
"2024-05-12 02:20:00.0000",16.6,73.52,9.880719184875488,14.0742826461792,32.330039978027344
"2024-05-12 02:10:00.0000",16.75,72.93,9.941496849060059,14.547765731811523,26.2905216217041
"2024-05-12 02:00:00.0000",16.83,72.64,10.217367172241211,15.298754692077637,30.853281021118164
"2024-05-12 01:50:00.0000",16.96,72.43,9.973517417907715,14.494046211242676,24.02041244506836
"2024-05-12 01:40:00.0000",16.99,72.26,9.886173248291016,15.0993070602417,33.534820556640625
"2024-05-12 01:30:00.0000",17.04,72.11,9.452188491821289,13.188690185546875,22.07271385192871
"2024-05-12 01:20:00.0000",17.13,71.86,8.915751457214355,13.923892974853516,28.945995330810547
"2024-05-12 01:10:00.0000",17.25,71.49,8.338316917419434,12.695384979248047,33.37362289428711
"2024-05-12 01:00:00.0000",17.34,71.22,8.321757316589355,12.80798053741455,21.767507553100586
"2024-05-12 00:50:00.0000",17.5,71.04,7.997413635253906,12.24125862121582,18.753585815429688
"2024-05-12 00:40:00.0000",17.61,70.6,8.10615348815918,12.61014461517334,25.445192337036133
"2024-05-12 00:30:00.0000",17.79,69.96,7.626163005828857,10.996637344360352,20.38738250732422
"2024-05-12 00:20:00.0000",17.92,69.49,7.929390907287598,12.1265287399292,27.07868003845215
"2024-05-12 00:10:00.0000",18.01,69.11,7.868889808654785,11.038383483886719,15.573911666870117
"2024-05-12 00:00:00.0000",18.12,68.91,7.956123352050781,12.294013977050781,32.28215789794922
"2024-05-11 23:50:00.0000",18.2,68.67,7.7636518478393555,12.155534744262695,36.42547607421875
"2024-05-11 23:40:00.0000",18.3,68.43,7.897322177886963,11.862141609191895,18.583478927612305
"2024-05-11 23:30:00.0000",18.42,68.09,8.084990501403809,12.129971504211426,22.257680892944336
"2024-05-11 23:20:00.0000",18.6,67.59,8.217580795288086,12.277921676635742,20.387042999267578
"2024-05-11 23:10:00.0000",18.74,67.06,8.238086700439453,11.93380355834961,24.836774826049805
"2024-05-11 23:00:00.0000",18.93,66.22,8.303122520446777,11.87781810760498,21.265289306640625
"2024-05-11 22:50:00.0000",19.09,65.56,7.73552942276001,11.808284759521484,26.685771942138672
"2024-05-11 22:40:00.0000",19.23,64.94,7.752260684967041,12.026500701904297,23.487735748291016
"2024-05-11 22:30:00.0000",19.47,63.98,7.532668113708496,10.9593505859375,22.082059860229492
"2024-05-11 22:20:00.0000",19.62,63.02,7.743502140045166,11.741351127624512,33.8178825378418
"2024-05-11 22:10:00.0000",19.83,61.67,7.098526954650879,10.498271942138672,19.615129470825195
"2024-05-11 22:00:00.0000",20.07,59.69,6.7398786544799805,10.975738525390625,28.67079734802246
"2024-05-11 21:50:00.0000",20.22,58.56,5.615928649902344,8.212448120117188,14.794602394104004
"2024-05-11 21:40:00.0000",20.39,57.66,5.630927562713623,8.6920747756958,23.386871337890625
"2024-05-11 21:30:00.0000",20.48,57.23,5.947755813598633,8.721546173095703,17.42416000366211
"2024-05-11 21:20:00.0000",20.58,56.73,5.479081630706787,7.911349773406982,15.249136924743652
"2024-05-11 21:10:00.0000",20.69,56.63,5.38629674911499,7.846720218658447,21.53233528137207
"2024-05-11 21:00:00.0000",20.82,56.27,5.506341934204102,7.928483486175537,20.47013282775879
"2024-05-11 20:50:00.0000",20.98,55.61,5.238400936126709,7.684146881103516,19.816940307617188
"2024-05-11 20:40:00.0000",21.18,54.49,4.5826263427734375,7.176609516143799,14.541362762451172
"2024-05-11 20:30:00.0000",21.39,53.45,4.824708938598633,7.195298671722412,17.47389030456543
"2024-05-11 20:20:00.0000",21.7,52.1,4.750539302825928,7.793809413909912,27.700956344604492
"2024-05-11 20:10:00.0000",21.84,51.38,4.577534198760986,6.814386367797852,13.193288803100586
"2024-05-11 20:00:00.0000",22.06,50.85,3.9982919692993164,6.4027228355407715,20.237384796142578
"2024-05-11 19:50:00.0000",22.25,50.41,4.293062210083008,7.392548561096191,28.423389434814453
"2024-05-11 19:40:00.0000",22.35,49.92,4.07253360748291,6.463879108428955,12.124961853027344
"2024-05-11 19:30:00.0000",22.55,49.41,4.329214572906494,6.561249732971191,10.50838851928711
"2024-05-11 19:20:00.0000",22.86,48.73,4.506718635559082,6.6796369552612305,15.706645011901855
"2024-05-11 19:10:00.0000",23.09,48.03,5.1824870109558105,7.956849575042725,17.793046951293945
"2024-05-11 19:00:00.0000",23.33,47.45,4.472073554992676,6.9453887939453125,16.78533935546875
"2024-05-11 18:50:00.0000",23.53,46.69,5.04838228225708,8.687337875366211,31.062454223632812
"2024-05-11 18:40:00.0000",23.72,45.94,5.328221321105957,7.6868414878845215,17.782392501831055
"2024-05-11 18:30:00.0000",24.08,45.07,5.750271797180176,8.313202857971191,23.264801025390625
"2024-05-11 18:20:00.0000",24.36,44.06,5.623056888580322,8.279210090637207,21.931848526000977
"2024-05-11 18:10:00.0000",24.96,42.6,4.3625407218933105,6.645874977111816,20.307186126708984
"2024-05-11 18:00:00.0000",25.24,42.09,4.4486918449401855,6.578704833984375,22.300752639770508
"2024-05-11 17:50:00.0000",25.57,41.34,4.463857173919678,7.331307888031006,28.548974990844727
"2024-05-11 17:40:00.0000",26.25,40.82,4.233490467071533,6.340757369995117,13.353196144104004
"2024-05-11 17:30:00.0000",26.61,40.32,4.293606281280518,6.756072044372559,18.81828498840332
"2024-05-11 17:20:00.0000",26.41,40.7,4.51726770401001,7.606929779052734,15.569430351257324
"2024-05-11 17:10:00.0000",26,41.65,3.6092612743377686,5.492469310760498,16.88995361328125
"2024-05-11 17:00:00.0000",26.11,40.59,3.322442054748535,5.166784763336182,18.868410110473633
"2024-05-11 16:50:00.0000",26.53,39.78,3.036062002182007,4.950615406036377,25.268909454345703
"2024-05-11 16:40:00.0000",26.68,38.97,2.171905755996704,3.945211410522461,13.085553169250488
"2024-05-11 16:30:00.0000",27.44,37.68,2.6125404834747314,5.027639865875244,27.14140510559082
"2024-05-11 16:20:00.0000",27.78,37.06,1.6915571689605713,3.563509225845337,10.826704978942871
"2024-05-11 16:10:00.0000",26.97,38.18,1.7869102954864502,3.3032543659210205,12.139263153076172
"2024-05-11 16:00:00.0000",26.68,38.87,1.719051718711853,3.648879289627075,18.999921798706055
"2024-05-11 15:50:00.0000",25.79,40.35,1.5840164422988892,3.801358938217163,15.214752197265625
"2024-05-11 15:40:00.0000",25.28,41.26,1.5194129943847656,4.195002555847168,19.45482063293457
"2024-05-11 15:30:00.0000",25.69,39.27,1.043134093284607,2.532334804534912,12.658085823059082
"2024-05-11 15:20:00.0000",26.67,35.97,1.1044081449508667,3.585721015930176,15.836397171020508
"2024-05-11 15:10:00.0000",26.49,35.6,0.7414564490318298,1.8059717416763306,7.081486225128174
"2024-05-11 15:00:00.0000",26.97,34.71,0.721088171005249,2.3729703426361084,9.005328178405762
"2024-05-11 14:50:00.0000",27.08,34.12,0.8771284818649292,2.78128719329834,7.046887397766113
"2024-05-11 14:40:00.0000",27.6,33.56,0.6162465810775757,1.982421875,22.969491958618164
"2024-05-11 14:30:00.0000",27.12,34.57,0.7030968070030212,2.69716215133667,14.717928886413574
"2024-05-11 14:20:00.0000",26.36,35.65,0.7240499258041382,2.2960562705993652,17.845409393310547
"2024-05-11 14:10:00.0000",26.87,35.48,0.8824903964996338,2.6006486415863037,9.680624008178711
"2024-05-11 14:00:00.0000",25.59,36.79,0.7720616459846497,2.185164451599121,7.7353315353393555
"2024-05-11 13:50:00.0000",26.98,34.64,0.7298515439033508,1.6343051195144653,6.392848968505859
"2024-05-11 13:40:00.0000",26.38,35.91,0.5352945923805237,1.4737584590911865,8.726639747619629
"2024-05-11 13:30:00.0000",25.03,39.33,0.5634774565696716,1.7795377969741821,15.723495483398438
"2024-05-11 13:20:00.0000",24.71,40.79,0.6250222325325012,1.9390584230422974,5.349177360534668
"2024-05-11 13:10:00.0000",24.07,42.45,0.6705843806266785,2.988572359085083,12.293937683105469
"2024-05-11 13:00:00.0000",23.53,43.76,0.5552387237548828,1.6544177532196045,13.380806922912598
"2024-05-11 12:50:00.0000",23.2,45.16,0.6609055995941162,1.9443573951721191,8.501099586486816
"2024-05-11 12:40:00.0000",22.83,46.14,0.985994279384613,2.7926836013793945,13.093355178833008
"2024-05-11 12:30:00.0000",22.74,45.78,0.8606283068656921,2.6706275939941406,7.09178352355957
"2024-05-11 12:20:00.0000",23.34,45.36,0.7899826169013977,2.5620977878570557,10.54981803894043
"2024-05-11 12:10:00.0000",23.92,44.51,0.8733016848564148,2.28572416305542,21.336641311645508
"2024-05-11 12:00:00.0000",22.97,46.32,0.822170078754425,2.357837438583374,7.90369176864624
"2024-05-11 11:50:00.0000",23.76,44.14,0.8874767422676086,1.9507181644439697,11.911484718322754
"2024-05-11 11:40:00.0000",24.08,43.09,0.8324947357177734,1.757561206817627,12.154172897338867
"2024-05-11 11:30:00.0000",23.68,43.7,1.0559483766555786,4.691141605377197,45.37302780151367
"2024-05-11 11:20:00.0000",23.37,43.98,0.7380229234695435,1.6116188764572144,5.253527641296387
"2024-05-11 11:10:00.0000",22.94,45.39,0.738151490688324,2.2373156547546387,18.890962600708008
"2024-05-11 11:00:00.0000",22.22,46.56,0.9883505702018738,2.962584972381592,18.76326560974121
"2024-05-11 10:50:00.0000",22.12,47.48,0.984907329082489,2.685554265975952,9.83824634552002
"2024-05-11 10:40:00.0000",22.17,48.47,1.3106396198272705,2.69631028175354,9.948929786682129
"2024-05-11 10:30:00.0000",22.62,48.84,1.71580171585083,4.18456506729126,12.600078582763672
"2024-05-11 10:20:00.0000",22.48,49.7,1.2443336248397827,2.469270706176758,22.07289695739746
"2024-05-11 10:10:00.0000",22.35,50,1.0006465911865234,1.7555484771728516,12.356571197509766
"2024-05-11 10:00:00.0000",22.2,49.72,0.8465048670768738,2.3074147701263428,22.497600555419922
"2024-05-11 09:50:00.0000",21.87,50.31,0.6885021328926086,2.0373525619506836,21.59093475341797
"2024-05-11 09:40:00.0000",21.1,54.41,1.3964811563491821,2.8570473194122314,11.7970609664917
"2024-05-11 09:30:00.0000",20.63,57.19,2.696906805038452,4.678133487701416,25.743770599365234
"2024-05-11 09:20:00.0000",20.46,59.59,3.3804428577423096,5.361845016479492,11.788182258605957
"2024-05-11 09:10:00.0000",20.86,58.27,3.3169591426849365,5.448981761932373,21.08001708984375
"2024-05-11 09:00:00.0000",20.14,61.66,4.426270008087158,6.711321830749512,14.30509090423584
"2024-05-11 08:50:00.0000",20.24,61,4.64605712890625,7.581189155578613,27.624481201171875
"2024-05-11 08:40:00.0000",19.96,61.65,5.010563373565674,8.10313892364502,18.10544776916504
"2024-05-11 08:30:00.0000",19.7,63.43,5.5657877922058105,8.456881523132324,18.741788864135742
"2024-05-11 08:20:00.0000",19.11,65.84,5.541866779327393,8.982933044433594,18.636516571044922
"2024-05-11 08:10:00.0000",18.71,66.91,6.410017490386963,9.648975372314453,16.613489151000977
"2024-05-11 08:00:00.0000",19.21,65.61,6.298574447631836,9.444506645202637,21.478899002075195
"2024-05-11 07:50:00.0000",19.15,64.67,6.119110584259033,9.524280548095703,22.318239212036133
"2024-05-11 07:40:00.0000",18.92,66.66,6.423830032348633,10.416851043701172,26.919776916503906
"2024-05-11 07:30:00.0000",18.46,68.51,7.427378177642822,10.641265869140625,15.317164421081543
"2024-05-11 07:20:00.0000",18.13,69.89,7.849700450897217,11.515223503112793,25.986995697021484
"2024-05-11 07:10:00.0000",17.73,71.35,7.722342491149902,11.281556129455566,15.642964363098145
"2024-05-11 07:00:00.0000",17.41,72.28,7.67199182510376,11.355066299438477,16.86271095275879
"2024-05-11 06:50:00.0000",17.15,73.45,7.976593017578125,12.09636116027832,17.623476028442383
"2024-05-11 06:40:00.0000",16.99,74.28,8.188587188720703,12.349637031555176,19.873350143432617
"2024-05-11 06:30:00.0000",16.66,75.82,8.703474044799805,12.54098129272461,26.922237396240234
"2024-05-11 06:20:00.0000",16.25,77.5,8.914206504821777,12.811380386352539,22.65040397644043
"2024-05-11 06:10:00.0000",15.87,79.08,8.77711009979248,13.16081714630127,23.5839786529541
"2024-05-11 06:00:00.0000",15.61,79.89,8.882096290588379,12.926608085632324,23.796175003051758
"2024-05-11 05:50:00.0000",15.48,80.33,9.368927955627441,13.412147521972656,21.047107696533203
"2024-05-11 05:40:00.0000",15.42,80.71,9.057059288024902,13.525322914123535,21.334062576293945
"2024-05-11 05:30:00.0000",15.4,80.83,8.867859840393066,13.406731605529785,22.857351303100586
"2024-05-11 05:20:00.0000",15.4,80.73,8.683428764343262,12.387889862060547,18.24068260192871
"2024-05-11 05:10:00.0000",15.44,80.82,8.5747652053833,12.742191314697266,18.86859130859375
"2024-05-11 05:00:00.0000",15.46,80.62,7.990288257598877,11.353967666625977,15.921600341796875
"2024-05-11 04:50:00.0000",15.54,80.46,7.429474830627441,11.349613189697266,23.746082305908203
"2024-05-11 04:40:00.0000",15.65,80.16,6.887179374694824,10.537270545959473,14.812681198120117
"2024-05-11 04:30:00.0000",15.75,79.94,6.6250834465026855,9.583136558532715,16.885570526123047
"2024-05-11 04:20:00.0000",15.83,79.82,6.795431613922119,10.395929336547852,31.090490341186523
"2024-05-11 04:10:00.0000",15.93,79.43,7.061291217803955,11.312870979309082,20.478904724121094
"2024-05-11 04:00:00.0000",16.05,78.94,7.151082992553711,11.22258186340332,24.843257904052734
"2024-05-11 03:50:00.0000",16.14,78.64,7.820146560668945,12.24344539642334,23.040409088134766
"2024-05-11 03:40:00.0000",16.19,78.44,6.952330112457275,9.871113777160645,18.592483520507812
"2024-05-11 03:30:00.0000",16.22,78.2,6.269221305847168,9.586524963378906,17.175296783447266
"2024-05-11 03:20:00.0000",16.29,78.04,5.928475379943848,9.248738288879395,16.389766693115234
"2024-05-11 03:10:00.0000",16.39,77.66,5.97991418838501,9.000771522521973,15.869524002075195
"2024-05-11 03:00:00.0000",16.55,77.34,5.793185710906982,9.163407325744629,22.10106658935547
"2024-05-11 02:50:00.0000",16.66,77.08,6.093962669372559,9.477606773376465,15.442770004272461
"2024-05-11 02:40:00.0000",16.76,76.76,5.447807788848877,8.439240455627441,20.93635368347168
"2024-05-11 02:30:00.0000",16.78,76.58,5.463770866394043,9.358976364135742,29.98623275756836
"2024-05-11 02:20:00.0000",16.85,76.36,5.69266414642334,9.396676063537598,20.618104934692383
"2024-05-11 02:10:00.0000",16.94,76.06,5.6410698890686035,9.083246231079102,15.384653091430664
"2024-05-11 02:00:00.0000",16.99,75.78,5.767230987548828,9.061049461364746,15.264404296875
"2024-05-11 01:50:00.0000",17.05,75.39,6.21959924697876,10.287419319152832,20.348974227905273
"2024-05-11 01:40:00.0000",17.12,74.99,6.640186309814453,10.106069564819336,19.076326370239258
"2024-05-11 01:30:00.0000",17.16,74.76,6.892101764678955,11.255669593811035,27.17748260498047
"2024-05-11 01:20:00.0000",17.18,74.57,6.720371723175049,10.557002067565918,18.690595626831055
"2024-05-11 01:10:00.0000",17.17,74.47,7.125485420227051,11.523222923278809,33.472991943359375
"2024-05-11 01:00:00.0000",17.1,74.52,6.576182842254639,10.246345520019531,21.08300018310547
"2024-05-11 00:50:00.0000",16.97,74.99,7.302297592163086,12.103439331054688,26.587543487548828
"2024-05-11 00:40:00.0000",16.81,75.7,10.932576179504395,15.568591117858887,21.321359634399414
"2024-05-11 00:30:00.0000",16.75,75.88,15.574772834777832,22.757183074951172,30.043872833251953
"2024-05-11 00:20:00.0000",16.54,76.62,14.052532196044922,19.58575439453125,24.30878448486328
"2024-05-11 00:10:00.0000",16.56,76.38,18.189300537109375,26.508169174194336,47.34952163696289
"2024-05-11 00:00:00.0000",16.58,75.53,17.585451126098633,25.01493263244629,38.59150695800781
"2024-05-10 23:50:00.0000",16.62,75.96,16.75472068786621,24.658037185668945,41.18767166137695
"2024-05-10 23:40:00.0000",16.58,75.33,16.53466796875,23.71599006652832,38.6852912902832
"2024-05-10 23:30:00.0000",16.6,75.23,16.908058166503906,24.688419342041016,31.874744415283203
"2024-05-10 23:20:00.0000",16.67,75.17,15.67464828491211,22.138214111328125,32.669742584228516
"2024-05-10 23:10:00.0000",16.71,74.86,15.262408256530762,22.90968894958496,34.34574890136719
"2024-05-10 23:00:00.0000",16.83,74.13,14.84627628326416,21.517925262451172,30.389848709106445
"2024-05-10 22:50:00.0000",16.87,74.16,13.315507888793945,19.07667350769043,28.3265323638916
"2024-05-10 22:40:00.0000",16.9,73.47,13.876280784606934,20.04965591430664,37.67966842651367
"2024-05-10 22:30:00.0000",16.98,72.91,13.442657470703125,19.35971450805664,34.281333923339844
"2024-05-10 22:20:00.0000",17.07,72.63,13.100146293640137,18.941232681274414,37.13581848144531
"2024-05-10 22:10:00.0000",17.1,72.32,13.20987606048584,19.344831466674805,26.9008731842041
"2024-05-10 22:00:00.0000",17.2,72.6,12.0142822265625,17.45172882080078,32.913856506347656
"2024-05-10 21:50:00.0000",17.26,72.05,11.689102172851562,17.59145164489746,37.11581802368164
"2024-05-10 21:40:00.0000",17.35,71.58,11.464876174926758,16.061317443847656,29.90221405029297
"2024-05-10 21:30:00.0000",17.49,70.77,11.426694869995117,16.86060905456543,26.942378997802734
"2024-05-10 21:20:00.0000",17.66,69.86,11.082064628601074,16.151878356933594,27.642986297607422
"2024-05-10 21:10:00.0000",17.76,68.56,10.987163543701172,15.816399574279785,24.720205307006836
"2024-05-10 21:00:00.0000",17.96,67.39,10.765292167663574,15.984006881713867,29.552635192871094
"2024-05-10 20:50:00.0000",18.35,66.08,10.759355545043945,16.580474853515625,36.47368240356445
"2024-05-10 20:40:00.0000",18.73,64.2,9.167762756347656,13.462841987609863,23.628942489624023
"2024-05-10 20:30:00.0000",18.99,63.46,8.035597801208496,11.8372802734375,22.871784210205078
"2024-05-10 20:20:00.0000",19.5,61.55,8.259745597839355,12.922866821289062,20.69522476196289
"2024-05-10 20:10:00.0000",20.3,58.83,6.982076644897461,11.239572525024414,19.704761505126953
"2024-05-10 20:00:00.0000",21.14,55.57,6.34606409072876,10.30508804321289,32.41764450073242
"2024-05-10 19:50:00.0000",22.38,52.08,6.230859279632568,10.27593994140625,17.34534454345703
"2024-05-10 19:40:00.0000",23.74,48.12,5.675137042999268,8.491666793823242,16.41912841796875
"2024-05-10 19:30:00.0000",26.02,41.5,4.554275989532471,8.227602005004883,16.406965255737305
"2024-05-10 19:20:00.0000",26.54,35.8,1.3184093236923218,3.9284799098968506,14.395576477050781
"2024-05-10 19:10:00.0000",26.67,35.5,1.4326212406158447,3.422950029373169,7.892551898956299
"2024-05-10 19:00:00.0000",26.79,35.22,1.4942755699157715,4.132214546203613,13.088021278381348
"2024-05-10 18:50:00.0000",26.67,35.21,1.5289742946624756,4.452982425689697,16.155710220336914
"2024-05-10 18:40:00.0000",26.88,35.41,1.5868897438049316,4.817772388458252,23.628787994384766
"2024-05-10 18:30:00.0000",27.34,34.82,2.679065465927124,5.405076503753662,20.16583251953125
"2024-05-10 18:20:00.0000",27.32,34.88,1.6267874240875244,4.562601566314697,24.705781936645508
"2024-05-10 18:10:00.0000",27.52,35.23,1.7341828346252441,4.269123077392578,10.646998405456543
"2024-05-10 18:00:00.0000",27.02,35.67,1.852372646331787,4.562679767608643,11.231313705444336
"2024-05-10 17:50:00.0000",27.09,36.02,1.8607816696166992,4.045297145843506,18.78506851196289
"2024-05-10 17:40:00.0000",27.37,36.5,2.088243246078491,4.885748386383057,21.722209930419922
"2024-05-10 17:30:00.0000",27.38,37.57,2.3540525436401367,5.526851654052734,34.50209045410156
"2024-05-10 17:20:00.0000",26.44,38.08,2.222196340560913,4.96303653717041,16.587953567504883
"2024-05-10 17:10:00.0000",27.53,36.6,2.0240046977996826,4.7759199142456055,27.573455810546875
"2024-05-10 17:00:00.0000",26.59,38.98,2.262836217880249,5.223318099975586,15.912893295288086
"2024-05-10 16:50:00.0000",25.88,39.11,1.9560669660568237,5.052119255065918,22.240758895874023
"2024-05-10 16:40:00.0000",26.56,36.95,1.6584556102752686,3.5419652462005615,8.489458084106445
"2024-05-10 16:30:00.0000",26.9,36.83,1.7252641916275024,4.167368412017822,19.11188316345215
"2024-05-10 16:20:00.0000",27.45,35.85,1.9566787481307983,4.526294231414795,15.757960319519043
"2024-05-10 16:10:00.0000",26.78,36.99,1.7106475830078125,3.44709849357605,10.162339210510254
"2024-05-10 16:00:00.0000",25.87,38.69,2.2845687866210938,5.021994590759277,18.40005874633789
"2024-05-10 15:50:00.0000",26.34,36.04,1.7580664157867432,3.803429126739502,10.194056510925293
"2024-05-10 15:40:00.0000",27.8,35.68,1.801044225692749,4.270943641662598,24.87381362915039
"2024-05-10 15:30:00.0000",28.79,34.76,1.7430462837219238,4.203287124633789,20.789094924926758
"2024-05-10 15:20:00.0000",28.44,35.1,2.1958134174346924,5.182589530944824,19.261837005615234
"2024-05-13 13:00:00.0000",17.86,62.55,0.8675438761711121,2.6662585735321045,23.96273422241211
"2024-05-13 12:50:00.0000",17.87,62.75,0.6258577108383179,1.9451923370361328,6.653575897216797
"2024-05-13 12:40:00.0000",17.86,61.96,0.9091888070106506,2.9351625442504883,13.518316268920898
"2024-05-13 13:10:00.0000",17.91,63.42,0.6635530591011047,2.1953318119049072,28.990468978881836
"2024-05-13 13:20:00.0000",17.85,63.1,0.8362708687782288,3.1609692573547363,32.69859313964844
"2024-05-13 13:30:00.0000",17.96,62.76,0.6705491542816162,2.4520227909088135,14.680562973022461
"2024-05-13 13:40:00.0000",18,63.66,0.7971391677856445,2.335904359817505,17.103755950927734
"2024-05-13 13:50:00.0000",18.08,62.81,0.7552763819694519,3.2055182456970215,17.569826126098633
"2024-05-13 14:00:00.0000",18.24,62.26,0.6604535579681396,2.1656062602996826,17.46269416809082
"2024-05-13 14:10:00.0000",18.38,61.38,0.6924073696136475,2.2727086544036865,9.086922645568848
"2024-05-13 14:20:00.0000",18.42,61.43,0.7309935092926025,2.508417844772339,36.444339752197266
"2024-05-13 14:30:00.0000",18.59,61.04,0.7593715786933899,2.6686322689056396,18.75882339477539
"2024-05-13 14:40:00.0000",18.66,61.38,0.7285068035125732,2.2313504219055176,8.762714385986328
"2024-05-13 14:50:00.0000",18.66,62.04,0.9014084339141846,2.0822744369506836,10.439886093139648
"2024-05-13 15:00:00.0000",18.73,62.72,1.0147972106933594,2.5689730644226074,20.227685928344727
"2024-05-13 15:10:00.0000",18.73,63.28,1.476714015007019,3.3175463676452637,31.013145446777344
"2024-05-13 15:20:00.0000",18.61,64.86,1.0907162427902222,3.2099287509918213,15.256943702697754
"2024-05-13 15:30:00.0000",18.37,65.12,0.9207839369773865,2.569366216659546,12.298378944396973
"2024-05-13 15:40:00.0000",18.37,66.13,1.064812421798706,3.4811863899230957,16.270721435546875
"2024-05-13 15:50:00.0000",18,68.72,1.0119731426239014,2.3634464740753174,16.29820442199707
"2024-05-13 16:00:00.0000",17.86,69.71,1.1442023515701294,3.703212261199951,17.882844924926758
"2024-05-13 16:10:00.0000",17.76,70.87,1.3669357299804688,3.64766526222229,23.38278579711914
"2024-05-13 16:20:00.0000",17.59,71.49,1.688101053237915,3.661898612976074,18.73103141784668
"2024-05-13 16:30:00.0000",17.56,71.75,1.6873728036880493,4.304070949554443,23.606918334960938
"2024-05-13 16:40:00.0000",17.56,71.77,1.473512053489685,3.2106876373291016,20.44259262084961
"2024-05-13 16:50:00.0000",17.57,72.28,1.6882784366607666,4.775524616241455,27.956066131591797
"2024-05-13 17:00:00.0000",17.54,71.82,2.0255789756774902,4.15604305267334,12.732887268066406
"2024-05-13 17:10:00.0000",17.6,72.21,2.2054760456085205,4.612464904785156,16.927282333374023
"2024-05-13 17:20:00.0000",17.57,72.21,3.00141978263855,7.108974933624268,16.42989730834961
"2024-05-13 17:30:00.0000",17.61,71.59,2.167332410812378,4.9258928298950195,14.378559112548828
"2024-05-13 17:40:00.0000",17.54,72.15,1.828493356704712,3.643047332763672,7.351628303527832
"2024-05-13 17:50:00.0000",17.5,72.99,1.82997465133667,3.721609592437744,10.980621337890625
"2024-05-13 18:00:00.0000",17.37,74.38,1.9541085958480835,4.202230930328369,12.025955200195312
"2024-05-13 18:10:00.0000",17.21,75.06,1.9507668018341064,4.400640487670898,10.784780502319336
"2024-05-13 18:20:00.0000",17.03,76.4,1.4056028127670288,2.993896961212158,9.662286758422852
"2024-05-13 18:30:00.0000",16.86,77.74,1.6664037704467773,4.239162921905518,10.780542373657227
"2024-05-13 18:40:00.0000",16.7,78.87,1.5732028484344482,2.9994657039642334,13.770358085632324
"2024-05-13 18:50:00.0000",16.6,79.55,1.543956995010376,2.853972911834717,8.685575485229492
"2024-05-13 19:00:00.0000",16.52,80.01,1.3034474849700928,3.0847291946411133,9.796124458312988
"2024-05-13 19:10:00.0000",16.49,80.37,1.3390371799468994,2.7578580379486084,9.386754989624023
"2024-05-13 19:20:00.0000",16.4,80.65,1.2344785928726196,2.460404872894287,11.325997352600098
"2024-05-13 19:30:00.0000",16.34,81.04,1.2609286308288574,2.9751992225646973,8.433855056762695
"2024-05-13 19:40:00.0000",16.24,81.89,1.9293617010116577,4.540356636047363,15.038116455078125
"2024-05-13 19:50:00.0000",16.05,83.02,1.840989589691162,3.6809096336364746,7.990961074829102
"2024-05-13 20:00:00.0000",15.84,84.01,1.988111972808838,3.4577362537384033,7.553592681884766
"2024-05-13 20:10:00.0000",15.65,85.06,2.4385924339294434,4.339529037475586,12.326823234558105
"2024-05-13 20:20:00.0000",15.54,85.77,2.564227819442749,4.148163795471191,7.385939121246338
"2024-05-13 20:30:00.0000",15.37,86.08,1.9658615589141846,3.7559444904327393,12.184191703796387
"2024-05-13 20:40:00.0000",15.22,86.76,2.342761278152466,4.402434349060059,10.925261497497559
"2024-05-13 20:50:00.0000",15.1,87.74,2.733325481414795,4.501798152923584,8.389298439025879
"2024-05-13 21:00:00.0000",15.04,87.83,2.8933916091918945,4.912775993347168,9.852483749389648
"2024-05-13 21:10:00.0000",14.94,87.73,3.2085728645324707,5.087564468383789,8.878061294555664
"2024-05-13 21:20:00.0000",14.86,88.1,3.779008626937866,6.052315711975098,14.94107437133789
"2024-05-13 21:30:00.0000",14.77,88.55,3.6054928302764893,5.651646614074707,10.24658203125
"2024-05-13 21:40:00.0000",14.68,88.6,4.4817681312561035,6.988374710083008,11.48968505859375
"2024-05-13 21:50:00.0000",14.58,88.86,4.625058650970459,7.253217697143555,12.97960090637207
"2024-05-13 22:00:00.0000",14.53,89.06,4.70170783996582,7.765574932098389,13.093889236450195
"2024-05-13 22:10:00.0000",14.52,89.26,4.932437896728516,7.78035306930542,19.35122299194336
"2024-05-13 22:20:00.0000",14.51,89.55,4.716892719268799,7.50349235534668,14.047181129455566
"2024-05-13 22:30:00.0000",14.48,89.72,4.536650657653809,7.273769378662109,23.865339279174805
"2024-05-13 22:40:00.0000",14.46,90,4.701565742492676,7.694158554077148,13.497246742248535
"2024-05-13 22:50:00.0000",14.44,90.11,4.89386510848999,8.334481239318848,19.900508880615234
"2024-05-13 23:00:00.0000",14.4,90.36,4.653001308441162,7.795889854431152,12.455821990966797
"2024-05-13 23:10:00.0000",14.39,90.45,5.1174726486206055,8.325654983520508,12.837966918945312
"2024-05-13 23:20:00.0000",14.36,90.69,4.837658405303955,6.813991546630859,15.40800952911377
"2024-05-13 23:30:00.0000",14.35,90.83,5.126351833343506,7.551778793334961,14.413960456848145
"2024-05-13 23:40:00.0000",14.31,91,5.0304856300354,7.418649196624756,10.691960334777832
"2024-05-13 23:50:00.0000",14.3,91.07,5.077136993408203,7.784969329833984,12.58543586730957
"2024-05-14 00:00:00.0000",14.28,91.06,5.120753288269043,7.818352699279785,12.505975723266602
"2024-05-14 00:10:00.0000",14.28,91.18,5.246406078338623,7.137037754058838,9.553853988647461
"2024-05-14 00:20:00.0000",14.25,91.29,5.492191791534424,7.6685991287231445,13.41092300415039
"2024-05-14 00:30:00.0000",14.22,91.29,5.624808311462402,8.116141319274902,12.63338565826416
"2024-05-14 00:40:00.0000",14.2,91.47,5.978349208831787,8.715188980102539,12.223804473876953
"2024-05-14 00:50:00.0000",14.21,91.44,5.641144275665283,8.233016967773438,15.043610572814941
"2024-05-14 01:00:00.0000",14.24,91.27,5.837140083312988,8.207528114318848,12.193002700805664
"2024-05-14 01:10:00.0000",14.23,91.31,5.830352306365967,7.643178939819336,10.172463417053223
"2024-05-14 01:20:00.0000",14.22,91.39,5.730090618133545,7.843339920043945,11.082377433776855
"2024-05-14 01:30:00.0000",14.25,91.45,5.042411804199219,7.280107021331787,11.920978546142578
"2024-05-14 01:40:00.0000",14.26,91.45,4.93853235244751,6.8835577964782715,16.073923110961914
"2024-05-14 01:50:00.0000",14.28,91.32,4.650616645812988,6.6951422691345215,12.542128562927246
"2024-05-14 02:00:00.0000",14.33,91.23,4.434872150421143,5.940054893493652,13.319254875183105
"2024-05-14 02:10:00.0000",14.34,91.09,4.48359489440918,6.098196983337402,10.257469177246094
"2024-05-14 02:20:00.0000",14.38,91.16,4.668920993804932,6.575345516204834,9.79551887512207
"2024-05-14 02:30:00.0000",14.39,91.18,4.9662909507751465,6.7089104652404785,10.254891395568848
"2024-05-14 02:40:00.0000",14.41,91.12,5.001898288726807,6.744872093200684,9.65848445892334
"2024-05-14 02:50:00.0000",14.4,91.13,5.429011344909668,7.0820417404174805,16.714494705200195
"2024-05-14 03:00:00.0000",14.47,90.88,5.934505462646484,8.37180233001709,12.947647094726562
"2024-05-14 03:10:00.0000",14.51,90.71,7.2002272605896,10.51706600189209,15.536888122558594
"2024-05-14 03:20:00.0000",14.52,90.54,8.080423355102539,11.305710792541504,17.099580764770508
"2024-05-14 03:30:00.0000",14.52,90.62,9.143999099731445,12.622481346130371,18.785259246826172
"2024-05-14 03:40:00.0000",14.47,90.93,10.397112846374512,15.128581047058105,22.66815185546875
"2024-05-14 03:50:00.0000",14.43,91.21,11.06856918334961,16.149675369262695,26.353681564331055
"2024-05-14 04:00:00.0000",14.39,91.44,11.412230491638184,16.277774810791016,22.869529724121094
"2024-05-14 04:10:00.0000",14.35,91.66,12.509462356567383,17.644432067871094,23.591768264770508
"2024-05-14 04:20:00.0000",14.34,91.93,13.866257667541504,19.579666137695312,25.49120330810547
"2024-05-14 04:30:00.0000",14.3,92.22,14.84485912322998,20.33136749267578,29.14348030090332
"2024-05-14 04:40:00.0000",14.29,92.46,14.254980087280273,19.98275375366211,33.72959518432617
"2024-05-14 04:50:00.0000",14.28,92.38,14.182912826538086,19.483694076538086,24.00040626525879
"2024-05-14 05:00:00.0000",14.29,92.64,14.060309410095215,19.161882400512695,23.2158203125
"2024-05-14 05:10:00.0000",14.28,92.59,13.202213287353516,18.566543579101562,25.47284507751465
"2024-05-14 05:20:00.0000",14.32,92.54,12.334805488586426,16.591712951660156,24.586488723754883
"2024-05-14 05:30:00.0000",14.33,92.49,12.457185745239258,18.297651290893555,28.350080490112305
"2024-05-14 05:40:00.0000",14.31,92.49,11.975621223449707,17.27340316772461,27.46457862854004
"2024-05-14 05:50:00.0000",14.35,92.54,11.892154693603516,16.438770294189453,25.779977798461914
"2024-05-14 06:00:00.0000",14.37,92.61,11.843953132629395,17.04065704345703,23.310546875
"2024-05-14 06:10:00.0000",14.35,92.46,11.247854232788086,15.81943416595459,21.982561111450195
"2024-05-14 06:20:00.0000",14.36,92.56,10.736879348754883,15.304525375366211,26.879610061645508
"2024-05-14 06:30:00.0000",14.4,92.69,10.373820304870605,14.465495109558105,17.694385528564453
"2024-05-14 06:40:00.0000",14.46,92.71,9.622408866882324,13.077079772949219,21.11030387878418
"2024-05-14 06:50:00.0000",14.51,92.66,9.366429328918457,12.95773696899414,16.553068161010742
"2024-05-14 07:00:00.0000",14.55,92.55,8.95128345489502,12.702324867248535,16.41275978088379
"2024-05-14 07:10:00.0000",14.63,92.31,7.636682987213135,10.537688255310059,13.845901489257812
"2024-05-14 07:20:00.0000",14.66,92.23,7.898900508880615,10.956937789916992,16.57130241394043
"2024-05-14 07:30:00.0000",14.69,92.07,7.579672336578369,10.579672813415527,13.95880126953125
"2024-05-14 07:40:00.0000",14.67,91.92,8.605029106140137,11.6735200881958,21.17107391357422
"2024-05-14 07:50:00.0000",14.71,91.95,8.986200332641602,12.5667724609375,16.880447387695312
"2024-05-14 08:00:00.0000",14.77,91.91,9.705917358398438,13.654780387878418,20.191516876220703
"2024-05-14 08:10:00.0000",14.89,91.7,10.208555221557617,14.748875617980957,19.767650604248047
"2024-05-14 08:20:00.0000",14.95,91.45,10.051526069641113,13.604631423950195,16.41803741455078
"2024-05-14 08:30:00.0000",14.93,91.47,10.292098045349121,14.343193054199219,21.50889778137207
"2024-05-14 08:40:00.0000",14.91,91.51,11.77810001373291,16.41254997253418,23.44468879699707
"2024-05-14 08:50:00.0000",14.95,91.53,11.467994689941406,16.393310546875,20.033620834350586
"2024-05-14 09:00:00.0000",15,91.49,11.329728126525879,16.041059494018555,25.467506408691406
"2024-05-14 09:10:00.0000",15.14,91.23,11.62432861328125,16.39003562927246,25.27589225769043
"2024-05-14 09:20:00.0000",15.26,91.12,11.52828311920166,16.322406768798828,23.126073837280273
"2024-05-14 09:30:00.0000",15.31,90.9,10.288447380065918,14.344535827636719,22.020326614379883
"2024-05-14 09:40:00.0000",15.52,90.33,8.070100784301758,11.620868682861328,14.875449180603027
"2024-05-14 09:50:00.0000",15.7,89.03,5.721983432769775,7.675288677215576,14.653074264526367
"2024-05-14 10:00:00.0000",15.86,87.36,4.465005874633789,6.215606212615967,9.799427032470703
"2024-05-14 10:10:00.0000",16.05,85.7,3.2253565788269043,4.697230339050293,8.638869285583496
"2024-05-14 10:20:00.0000",16.27,84.01,2.4605038166046143,3.896306037902832,6.590281009674072
"2024-05-14 10:30:00.0000",16.47,83.72,2.5265514850616455,3.9570846557617188,7.110343933105469
"2024-05-14 10:40:00.0000",16.51,82.55,1.6900254487991333,2.6324143409729004,9.68697452545166
"2024-05-14 10:50:00.0000",16.36,82.79,1.2169567346572876,2.2583651542663574,6.988330841064453
"2024-05-14 11:00:00.0000",15.15,86.08,0.6676334738731384,1.787316918373108,6.56265115737915
"2024-05-14 11:10:00.0000",14.99,88.19,0.9018667936325073,2.7491283416748047,11.809081077575684
"2024-05-14 11:20:00.0000",14.93,88.18,0.6078894734382629,2.1722774505615234,7.677513599395752
"2024-05-14 11:30:00.0000",15.08,86.38,0.47539883852005005,2.291729211807251,17.417524337768555
"2024-05-14 11:40:00.0000",15.5,86.17,0.5432307124137878,1.8486334085464478,17.566762924194336
"2024-05-14 11:50:00.0000",16.04,84.41,0.8446685075759888,2.9909141063690186,11.009312629699707
"2024-05-14 12:00:00.0000",16.9,80.3,1.1464265584945679,3.2877957820892334,7.624756813049316
"2024-05-14 12:10:00.0000",18.59,73.64,0.9456106424331665,3.229888677597046,7.949573993682861
"2024-05-14 12:20:00.0000",19.37,68.91,0.907239556312561,3.0823240280151367,13.410406112670898
"2024-05-14 12:30:00.0000",19.97,65.59,1.955346703529358,5.744629383087158,22.427799224853516
"2024-05-14 12:40:00.0000",20.33,63.14,0.8855561017990112,2.8155617713928223,9.617539405822754
"2024-05-14 12:50:00.0000",20.34,62.38,0.8077680468559265,2.161773204803467,10.477609634399414
"2024-05-14 13:00:00.0000",19.62,61.63,0.8686212301254272,3.699976682662964,12.720985412597656
"2024-05-14 13:10:00.0000",19.34,62.07,0.8398574590682983,4.104074954986572,20.88446617126465
"2024-05-14 13:20:00.0000",19.5,59.44,0.8225133419036865,3.0568883419036865,16.475461959838867
"2024-05-14 13:30:00.0000",19.5,58.42,1.662590503692627,5.457878589630127,16.657699584960938
"2024-05-14 13:40:00.0000",19.38,57.3,0.733781635761261,2.329117774963379,24.013629913330078
"2024-05-14 13:50:00.0000",19.5,58.02,0.8379638195037842,3.36203932762146,14.227899551391602
"2024-05-14 14:00:00.0000",19.63,56.66,0.9306262135505676,3.742652416229248,10.36119270324707
"2024-05-14 14:10:00.0000",19.7,55.71,0.8466905951499939,3.7949717044830322,11.170500755310059
"2024-05-14 14:20:00.0000",19.97,56.74,0.9436342120170593,3.410621404647827,16.67214584350586
"2024-05-14 14:30:00.0000",19.87,54.35,0.832879364490509,3.6216351985931396,17.0205020904541
"2024-05-14 14:40:00.0000",19.64,56.16,1.1433744430541992,4.919910907745361,35.331974029541016
"2024-05-14 14:50:00.0000",19.76,54.77,0.91035395860672,3.3777976036071777,13.375846862792969
"2024-05-14 15:00:00.0000",20.9,51.6,0.9506240487098694,4.056458950042725,22.073522567749023
"2024-05-14 15:10:00.0000",21.57,50.01,1.912941575050354,6.889139175415039,25.497901916503906
"2024-05-14 15:20:00.0000",21.21,49.49,0.9597037434577942,3.3286216259002686,14.289576530456543
"2024-05-14 15:30:00.0000",21.47,49.22,0.9352750182151794,3.6398866176605225,18.660558700561523
"2024-05-14 15:40:00.0000",21.67,49.39,0.9862508177757263,3.296013832092285,12.018963813781738
"2024-05-14 15:50:00.0000",20.89,50.78,1.0772249698638916,3.456362009048462,9.307791709899902
"2024-05-14 16:00:00.0000",20.77,50.58,1.0880094766616821,4.1644158363342285,11.001435279846191
"2024-05-14 16:10:00.0000",20.83,50.91,1.1306140422821045,3.918876886367798,21.990196228027344
"2024-05-14 16:20:00.0000",20.58,51.93,1.1725752353668213,4.418160438537598,33.13666534423828
"2024-05-14 16:30:00.0000",20.3,52.78,1.203743577003479,4.611935615539551,18.987812042236328
"2024-05-14 16:40:00.0000",20.08,53.18,4.856077671051025,12.99172592163086,31.28484535217285
"2024-05-14 16:50:00.0000",19.75,54.76,1.2179062366485596,4.916898727416992,21.833087921142578
"2024-05-14 17:00:00.0000",19.53,55.71,1.0935994386672974,3.906423568725586,8.76477336883545
"2024-05-14 17:10:00.0000",19.54,56.56,1.2284966707229614,4.206820011138916,15.48824691772461
"2024-05-14 17:20:00.0000",19.54,57.41,1.3781260251998901,4.287238597869873,18.823440551757812
"2024-05-14 17:30:00.0000",19.18,57.48,1.353002667427063,5.826802730560303,14.291875839233398
"2024-05-14 17:40:00.0000",19.22,57.95,1.102224349975586,3.8419744968414307,10.589153289794922
"2024-05-14 17:50:00.0000",19.01,58.34,1.1883586645126343,4.060862064361572,9.333611488342285
"2024-05-14 18:00:00.0000",18.77,59.27,1.1715947389602661,4.57042932510376,16.443105697631836
"2024-05-14 18:10:00.0000",18.39,60.12,1.1743825674057007,3.9996416568756104,12.532243728637695
"2024-05-14 18:20:00.0000",18.31,59.77,1.146856665611267,5.29640531539917,13.812128067016602
"2024-05-14 18:30:00.0000",18.42,60.21,1.222805142402649,4.815398216247559,13.066292762756348
"2024-05-14 18:40:00.0000",18.49,59.55,1.085698127746582,4.017469882965088,14.062972068786621
"2024-05-14 18:50:00.0000",18.5,59.43,1.4473943710327148,5.131702423095703,11.667081832885742
"2024-05-14 19:00:00.0000",18.38,59.42,1.143282413482666,4.4657416343688965,11.354827880859375
"2024-05-14 19:10:00.0000",18.31,59.74,1.2000118494033813,4.598971843719482,12.755162239074707
"2024-05-14 19:20:00.0000",18.4,60.57,1.2616660594940186,5.1028571128845215,11.259812355041504
"2024-05-14 19:30:00.0000",18.27,62.05,1.1551063060760498,4.401752948760986,13.227011680603027
"2024-05-14 19:40:00.0000",17.93,63.73,1.3981488943099976,4.637332439422607,9.702089309692383
"2024-05-14 19:50:00.0000",17.7,64.9,1.1975950002670288,5.496316432952881,17.34857940673828
"2024-05-14 20:00:00.0000",17.45,66.48,1.2560393810272217,5.123545169830322,18.59804344177246
"2024-05-14 20:10:00.0000",17.24,67.69,1.1819980144500732,5.131579399108887,17.702526092529297
"2024-05-14 20:20:00.0000",17.03,68.63,1.2957690954208374,4.648219108581543,13.550908088684082
"2024-05-14 20:30:00.0000",16.81,69.36,1.2916654348373413,4.887970924377441,10.284271240234375
"2024-05-14 20:40:00.0000",16.61,69.93,1.38163423538208,5.379528045654297,14.791218757629395
"2024-05-14 20:50:00.0000",16.41,70.7,1.3654314279556274,5.118398189544678,11.030675888061523
"2024-05-14 21:00:00.0000",16.31,71.25,1.709288477897644,5.831658840179443,22.231796264648438
"2024-05-14 21:10:00.0000",16.14,71.61,1.3776509761810303,4.798166275024414,13.736421585083008
"2024-05-14 21:20:00.0000",16.03,71.93,1.684974193572998,5.7718825340271,12.657332420349121
"2024-05-14 21:30:00.0000",15.94,72.16,1.4905308485031128,5.113245010375977,18.344804763793945
"2024-05-14 21:40:00.0000",15.9,72.19,1.508797526359558,5.650179386138916,16.576148986816406
"2024-05-14 21:50:00.0000",15.88,71.99,1.4180653095245361,4.75723934173584,14.57723617553711
"2024-05-14 22:00:00.0000",15.86,71.99,1.421452283859253,5.484620094299316,16.277116775512695
"2024-05-14 22:10:00.0000",15.77,71.91,1.4712035655975342,5.4186601638793945,26.47745704650879
"2024-05-14 22:20:00.0000",15.7,72.08,1.48983633518219,6.613893508911133,30.271987915039062
"2024-05-14 22:30:00.0000",15.65,72.08,1.5117268562316895,5.150300025939941,9.532872200012207
"2024-05-14 22:40:00.0000",15.6,72.37,1.600794792175293,6.26202392578125,16.79753303527832
"2024-05-14 22:50:00.0000",15.56,72.51,1.5057165622711182,6.534379482269287,14.249320983886719
"2024-05-14 23:00:00.0000",15.49,72.61,1.5458933115005493,6.684206485748291,18.072423934936523
"2024-05-14 23:10:00.0000",15.39,72.97,1.6435145139694214,5.822202682495117,16.279972076416016
"2024-05-14 23:20:00.0000",15.26,73.49,1.8011600971221924,5.288447380065918,13.112969398498535
"2024-05-14 23:30:00.0000",15.14,74.15,1.8155959844589233,6.710355281829834,19.833860397338867
"2024-05-14 23:40:00.0000",15.07,74.59,1.879146933555603,6.529749393463135,14.390034675598145
"2024-05-14 23:50:00.0000",14.95,74.86,1.9285902976989746,7.307959079742432,19.855937957763672
"2024-05-15 00:00:00.0000",14.97,75.26,1.7100147008895874,5.889512538909912,11.362676620483398
"2024-05-15 00:10:00.0000",14.93,75.85,1.855143666267395,7.420267581939697,15.181841850280762
"2024-05-15 00:20:00.0000",14.97,76.49,1.9813423156738281,5.974380970001221,15.969374656677246
"2024-05-15 00:30:00.0000",14.92,77.36,2.4313840866088867,8.145774841308594,17.098207473754883
"2024-05-15 00:40:00.0000",14.88,78.36,2.5913288593292236,9.06257438659668,20.222980499267578
"2024-05-15 00:50:00.0000",14.81,79.21,3.037088632583618,8.674864768981934,16.857601165771484
"2024-05-15 01:00:00.0000",14.78,79.59,2.8747241497039795,8.62559700012207,20.840545654296875
"2024-05-15 01:10:00.0000",14.75,79.97,3.2437968254089355,9.39427661895752,23.02617645263672
"2024-05-15 01:20:00.0000",14.7,80.44,3.313462972640991,9.213515281677246,15.561440467834473
"2024-05-15 01:30:00.0000",14.66,80.82,3.461040735244751,8.557154655456543,16.520353317260742
"2024-05-15 01:40:00.0000",14.63,81.09,3.733637809753418,10.070954322814941,22.263097763061523
"2024-05-15 01:50:00.0000",14.58,81.18,4.029764175415039,10.466158866882324,22.531532287597656
"2024-05-15 02:00:00.0000",14.6,81.14,3.5762524604797363,9.54935073852539,19.430845260620117
"2024-05-15 02:10:00.0000",14.57,81.2,3.7253499031066895,10.27772331237793,25.16842269897461
"2024-05-15 02:20:00.0000",14.53,81.27,3.8876664638519287,10.360424041748047,19.484956741333008
"2024-05-15 02:30:00.0000",14.48,81.36,4.089612007141113,9.994905471801758,16.445404052734375
"2024-05-15 02:40:00.0000",14.46,81.48,4.201077461242676,10.865067481994629,19.190929412841797
"2024-05-15 02:50:00.0000",14.47,81.54,4.221694469451904,9.877236366271973,19.567481994628906
"2024-05-15 03:00:00.0000",14.43,81.48,4.136938571929932,9.472352981567383,16.07996940612793
"2024-05-15 03:10:00.0000",14.4,81.62,4.009622097015381,10.406813621520996,17.59524917602539
"2024-05-15 03:20:00.0000",14.39,81.78,4.400585651397705,10.564202308654785,21.448881149291992
"2024-05-15 03:30:00.0000",14.34,82.03,4.317295551300049,10.907598495483398,22.527359008789062
"2024-05-15 03:40:00.0000",14.31,82.3,4.184452056884766,11.178422927856445,24.45899200439453
"2024-05-15 03:50:00.0000",14.29,82.6,4.393403053283691,11.686578750610352,23.468473434448242
"2024-05-15 04:00:00.0000",14.29,82.72,4.351397514343262,10.536526679992676,18.680347442626953
"2024-05-15 04:10:00.0000",14.25,82.96,4.671174049377441,11.032343864440918,24.351688385009766
"2024-05-15 04:20:00.0000",14.25,83.09,4.777614593505859,11.749463081359863,23.792137145996094
"2024-05-15 04:30:00.0000",14.24,83.3,4.629791736602783,11.26517105102539,20.079198837280273
"2024-05-15 04:40:00.0000",14.21,83.37,4.588532447814941,10.880481719970703,26.10340118408203
"2024-05-15 04:50:00.0000",14.15,83.58,4.866270065307617,10.888081550598145,22.45322608947754
"2024-05-15 05:00:00.0000",14.21,83.62,4.835748195648193,11.108948707580566,20.26215362548828
"2024-05-15 05:10:00.0000",14.25,83.6,5.206912994384766,11.986077308654785,20.60667610168457
"2024-05-15 05:20:00.0000",14.27,83.5,4.8178839683532715,10.549694061279297,22.118772506713867
"2024-05-15 05:30:00.0000",14.31,83.49,4.591977596282959,10.31350040435791,20.750995635986328
"2024-05-15 05:40:00.0000",14.31,83.51,4.587390899658203,11.020264625549316,22.74907112121582
"2024-05-15 05:50:00.0000",14.34,83.35,4.615875244140625,11.787535667419434,24.449607849121094
"2024-05-15 06:00:00.0000",14.41,83.3,4.656251907348633,10.570900917053223,18.01663589477539
"2024-05-15 06:10:00.0000",14.44,83.17,4.79976749420166,10.575032234191895,21.081174850463867
"2024-05-15 06:20:00.0000",14.52,83.11,4.683721542358398,10.790111541748047,27.470090866088867
"2024-05-15 06:30:00.0000",14.56,82.98,4.6716718673706055,11.161784172058105,20.52643394470215
"2024-05-15 06:40:00.0000",14.67,82.63,4.857360363006592,10.542519569396973,18.263065338134766
"2024-05-15 06:50:00.0000",14.78,82.21,4.6360368728637695,10.242666244506836,20.37196159362793
"2024-05-15 07:00:00.0000",14.89,81.89,4.622399806976318,10.48165512084961,26.203401565551758
"2024-05-15 07:10:00.0000",14.98,81.52,4.053941249847412,8.627697944641113,17.116853713989258
"2024-05-15 07:20:00.0000",15.07,81.22,4.118716716766357,8.284026145935059,14.988673210144043
"2024-05-15 07:30:00.0000",15.16,80.76,3.8833069801330566,9.22287368774414,17.592103958129883
"2024-05-15 07:40:00.0000",15.32,80.45,3.9014644622802734,9.097521781921387,17.148103713989258
"2024-05-15 07:50:00.0000",15.52,79.76,3.9702882766723633,8.058395385742188,15.259432792663574
"2024-05-15 08:00:00.0000",15.71,79,3.602426767349243,7.9186506271362305,17.168336868286133
"2024-05-15 08:10:00.0000",15.84,78.31,3.498521089553833,7.604770660400391,17.763111114501953
"2024-05-15 08:20:00.0000",16.07,77.49,3.2356278896331787,6.846780776977539,14.91573429107666
"2024-05-15 08:30:00.0000",16.28,76.45,3.6653103828430176,7.590674877166748,16.05568504333496
"2024-05-15 08:40:00.0000",16.32,75.53,3.3506999015808105,7.110301494598389,15.460753440856934
"2024-05-15 08:50:00.0000",16.36,75.22,3.4127466678619385,7.679121494293213,22.77862548828125
"2024-05-15 09:00:00.0000",16.35,75.41,3.4807536602020264,6.55623197555542,13.065738677978516
"2024-05-15 09:10:00.0000",16.89,74.39,3.291043281555176,7.525857448577881,19.03237533569336
"2024-05-15 09:20:00.0000",16.94,72.91,3.047621250152588,6.887609481811523,17.102922439575195
"2024-05-15 09:30:00.0000",16.78,73.98,2.6627252101898193,5.897698402404785,19.492204666137695
"2024-05-15 09:40:00.0000",16.76,75.49,2.6451809406280518,6.2000508308410645,15.691038131713867
"2024-05-15 09:50:00.0000",16.91,73.66,2.7042548656463623,5.841170310974121,10.106752395629883
"2024-05-15 10:00:00.0000",17.49,71.73,2.7793025970458984,6.720067977905273,21.788328170776367
"2024-05-15 10:10:00.0000",17.54,70.25,2.4752159118652344,5.343266010284424,23.301130294799805
"2024-05-15 10:20:00.0000",18.07,69.11,2.124847888946533,4.860920429229736,14.165489196777344
"2024-05-15 10:30:00.0000",18.8,66.7,2.021291732788086,4.154234409332275,12.30974292755127
"2024-05-15 10:40:00.0000",18.97,65.03,2.0672879219055176,4.457921028137207,8.30001163482666
"2024-05-15 10:50:00.0000",19.18,63.4,1.8516607284545898,4.160243511199951,8.788907051086426
"2024-05-15 11:00:00.0000",19.15,63.79,1.7005001306533813,3.9446396827697754,14.280436515808105
"2024-05-15 11:10:00.0000",19.28,62.94,1.6679677963256836,4.279331207275391,11.749309539794922
"2024-05-15 11:20:00.0000",18.91,63.66,2.6262152194976807,5.128244400024414,10.418791770935059
"2024-05-15 11:30:00.0000",18.91,63.81,2.1037018299102783,4.592565059661865,12.769586563110352
"2024-05-15 11:40:00.0000",18.58,65.9,2.46039080619812,5.851761817932129,16.59111213684082
"2024-05-15 11:50:00.0000",18.93,62.89,2.2185683250427246,5.282923698425293,17.112150192260742
"2024-05-15 12:00:00.0000",19.14,61.78,1.9824250936508179,4.698822021484375,9.411742210388184
"2024-05-15 12:10:00.0000",20.1,59.59,1.8075746297836304,4.564419269561768,22.747703552246094
"2024-05-15 12:20:00.0000",20.69,55.24,1.3554363250732422,3.917603015899658,12.588249206542969
"2024-05-15 12:30:00.0000",21.25,53.67,1.6779268980026245,4.731240272521973,11.892159461975098
"2024-05-15 12:40:00.0000",21.67,53.14,1.4042683839797974,3.7304513454437256,18.649616241455078
"2024-05-15 12:50:00.0000",21.74,52.12,1.1885029077529907,2.942565679550171,6.442909240722656
"2024-05-15 13:00:00.0000",22.32,50.12,1.1343958377838135,3.5061116218566895,11.770207405090332
"2024-05-15 13:10:00.0000",22.46,51.35,1.23184335231781,4.348541736602783,19.859540939331055
"2024-05-15 13:20:00.0000",22.03,50.64,0.9918697476387024,2.765097141265869,6.24617338180542
"2024-05-15 13:30:00.0000",22.04,49.86,1.0747768878936768,2.9776251316070557,13.347620964050293
"2024-05-15 13:40:00.0000",22.16,49.54,0.9507672190666199,2.8377223014831543,8.464974403381348
"2024-05-15 13:50:00.0000",22.45,48.56,1.062988042831421,3.385108232498169,9.665897369384766
"2024-05-15 14:00:00.0000",22.67,49.7,1.557784914970398,4.328052043914795,17.790294647216797
"2024-05-15 14:10:00.0000",22.58,48.37,1.1657664775848389,3.603271961212158,11.238377571105957
"2024-05-15 14:20:00.0000",21.86,49.13,1.055192470550537,3.0223681926727295,13.039449691772461
"2024-05-15 14:30:00.0000",21.59,50.04,1.4937728643417358,4.003183841705322,15.053627014160156
"2024-05-15 14:40:00.0000",21.57,50.78,1.415362000465393,4.192657470703125,10.091547012329102
"2024-05-15 14:50:00.0000",20.19,54.85,1.0158473253250122,3.0069892406463623,13.566987037658691
"2024-05-15 15:00:00.0000",20.76,55.01,1.3696316480636597,3.4004807472229004,16.57744598388672
"2024-05-15 15:10:00.0000",21.32,52.92,1.2352467775344849,3.6597177982330322,14.373882293701172
"2024-05-15 15:20:00.0000",22.15,49.12,0.8857148289680481,2.5076076984405518,16.006668090820312
"2024-05-15 15:30:00.0000",22.19,47.48,0.8302354216575623,3.1510703563690186,13.587492942810059
"2024-05-15 15:40:00.0000",22.59,45.74,0.7775617241859436,2.4143545627593994,18.319042205810547
"2024-05-15 15:50:00.0000",22.96,46.41,1.0832719802856445,2.710623264312744,9.030860900878906
"2024-05-15 16:00:00.0000",23.03,47.18,1.0620427131652832,2.5972044467926025,10.885753631591797
"2024-05-15 16:10:00.0000",23.02,46.47,0.9477472901344299,2.5891990661621094,11.796648025512695
"2024-05-15 16:20:00.0000",23.15,49.45,1.4488478899002075,3.543489694595337,8.243088722229004
"2024-05-15 16:30:00.0000",22.27,51.44,2.0136752128601074,5.0377044677734375,13.114195823669434
"2024-05-15 16:40:00.0000",21.97,48.65,1.373929738998413,3.746521234512329,8.831808090209961
"2024-05-15 16:50:00.0000",21.83,46.56,0.5670275092124939,2.0180044174194336,8.38537883758545
"2024-05-15 17:00:00.0000",22.09,46.69,0.6827169060707092,1.9515494108200073,8.725174903869629
"2024-05-15 17:10:00.0000",22.96,46.86,1.1256192922592163,3.2647247314453125,10.577827453613281
"2024-05-15 17:20:00.0000",23.33,46.84,1.1575363874435425,3.327303171157837,8.1135892868042
"2024-05-15 17:30:00.0000",22.9,48.6,1.297539472579956,3.339564323425293,6.714761734008789
"2024-05-15 17:40:00.0000",21.94,49.86,1.137088418006897,2.728729724884033,8.060580253601074
"2024-05-15 17:50:00.0000",21.19,51.5,0.8233497738838196,2.1290063858032227,7.641140460968018
"2024-05-15 18:00:00.0000",20.94,52.15,1.289982795715332,3.1500608921051025,17.825960159301758
"2024-05-15 18:10:00.0000",21.27,51.78,1.9790784120559692,4.170258522033691,12.66366958618164
"2024-05-15 18:20:00.0000",21.6,51.75,1.0774699449539185,2.757427930831909,6.535778999328613
"2024-05-15 18:30:00.0000",21.45,53.38,1.736786961555481,3.732905864715576,14.862521171569824
"2024-05-15 18:40:00.0000",21.14,54.31,1.6910368204116821,4.012214183807373,17.4111270904541
"2024-05-15 18:50:00.0000",20.52,58.1,2.899669885635376,5.2883501052856445,10.527457237243652
"2024-05-15 19:00:00.0000",19.93,60.03,2.530216693878174,4.880313873291016,13.419113159179688
"2024-05-15 19:10:00.0000",19.33,63.22,2.8000571727752686,5.344748497009277,12.374273300170898
"2024-05-15 19:20:00.0000",19.1,64.24,1.8358994722366333,4.103149890899658,9.895040512084961
"2024-05-15 19:30:00.0000",18.81,65.77,1.78437340259552,3.5889933109283447,6.873271942138672
"2024-05-16 00:00:00.0000",15.21,79.69,2.0026907920837402,5.113796234130859,17.704715728759766
"2024-05-15 23:50:00.0000",15.3,79.77,2.441924810409546,5.127627372741699,9.29731559753418
"2024-05-15 23:40:00.0000",15.36,79.76,2.528944492340088,5.597249507904053,11.209026336669922
"2024-05-15 23:30:00.0000",15.43,79.64,3.1188526153564453,5.752770900726318,10.20141315460205
"2024-05-15 23:20:00.0000",15.51,79.58,2.620936155319214,5.203004360198975,11.483901023864746
"2024-05-15 23:10:00.0000",15.6,79.46,2.679687738418579,5.601473331451416,18.57288932800293
"2024-05-15 23:00:00.0000",15.64,78.97,2.2844955921173096,4.377901554107666,7.874100208282471
"2024-05-15 22:50:00.0000",15.7,78.23,2.4571938514709473,5.263884544372559,12.377423286437988
"2024-05-15 22:40:00.0000",15.8,76.3,1.745450496673584,3.7886481285095215,9.454200744628906
"2024-05-15 22:30:00.0000",15.92,74.51,1.4903289079666138,3.1526479721069336,6.5411295890808105
"2024-05-15 22:20:00.0000",16.03,73.22,1.1903163194656372,2.866969108581543,6.331276893615723
"2024-05-15 22:10:00.0000",16.2,71.87,1.1404588222503662,3.0280957221984863,7.119065761566162
"2024-05-15 22:00:00.0000",16.33,70.74,0.8910092115402222,2.0530009269714355,4.588239669799805
"2024-05-15 21:50:00.0000",16.44,69.75,0.8152251839637756,1.7928426265716553,7.243488311767578
"2024-05-15 21:40:00.0000",16.57,68.67,0.6477665305137634,1.8507928848266602,6.323341369628906
"2024-05-15 21:30:00.0000",16.73,67.85,0.6816225647926331,1.7545908689498901,4.510138034820557
"2024-05-15 21:20:00.0000",16.85,67.7,0.8608667850494385,2.4663872718811035,6.043824195861816
"2024-05-15 21:10:00.0000",16.92,67.17,0.9465202689170837,3.0160021781921387,6.901710510253906
"2024-05-15 21:00:00.0000",17.07,66.6,0.8049418926239014,1.8665927648544312,5.954015254974365
"2024-05-15 20:50:00.0000",17.18,65.96,0.8830338716506958,2.0984115600585938,4.713320732116699
"2024-05-15 20:40:00.0000",17.21,65.45,0.9316216707229614,3.0149261951446533,8.499786376953125
"2024-05-15 20:30:00.0000",17.32,64.76,0.6491981744766235,1.5191339254379272,4.845629692077637
"2024-05-15 20:20:00.0000",17.61,63.48,0.74425208568573,1.7532813549041748,5.347944736480713
"2024-05-15 20:10:00.0000",17.86,62.33,0.7038388848304749,1.8355586528778076,6.321472644805908
"2024-05-15 20:00:00.0000",18.18,64.85,1.0970513820648193,3.177096366882324,11.429609298706055
"2024-05-15 19:50:00.0000",18.39,64.04,1.1436052322387695,2.5051941871643066,7.073436737060547
"2024-05-15 19:40:00.0000",18.54,65.31,1.6087830066680908,4.030030727386475,14.23015022277832
"2024-05-16 00:10:00.0000",15.15,79.48,2.070462465286255,4.85935115814209,11.937314987182617
"2024-05-16 00:20:00.0000",15.15,79.18,1.8413218259811401,4.008229732513428,16.17508316040039
"2024-05-16 00:30:00.0000",15.15,78.92,1.6607816219329834,3.771605968475342,7.551551342010498
"2024-05-16 00:40:00.0000",15.07,78.69,1.8377410173416138,4.3066487312316895,9.016241073608398
"2024-05-16 00:50:00.0000",15.02,79.03,2.0691652297973633,4.607394695281982,12.342967987060547
"2024-05-16 01:00:00.0000",14.9,79.61,2.4732468128204346,4.751357078552246,13.933205604553223
"2024-05-16 01:10:00.0000",14.79,80.25,2.686617136001587,5.276241302490234,10.287336349487305
"2024-05-16 01:40:00.0000",14.63,80.55,3.197161912918091,5.935695648193359,11.936436653137207
"2024-05-16 01:50:00.0000",14.53,80.82,3.1698760986328125,5.841291904449463,9.233197212219238
"2024-05-16 02:00:00.0000",14.47,81.37,3.634056568145752,6.670668125152588,10.937283515930176
"2024-05-16 02:10:00.0000",14.33,82,4.248846054077148,7.254922866821289,11.715635299682617
"2024-05-16 02:20:00.0000",14.28,81.73,3.543576240539551,6.930925369262695,13.015788078308105
"2024-05-16 02:30:00.0000",14.22,81.77,3.513219118118286,6.037775039672852,11.92111873626709
"2024-05-16 02:40:00.0000",14.17,81.88,3.641411542892456,6.5724077224731445,10.54615592956543
"2024-05-16 02:50:00.0000",14.09,81.89,3.4186084270477295,6.663667678833008,13.174068450927734
"2024-05-16 03:00:00.0000",14,82.23,4.369555950164795,8.002023696899414,14.109515190124512
"2024-05-16 03:10:00.0000",13.9,82.56,4.436446666717529,7.780584335327148,14.637022972106934
"2024-05-16 03:20:00.0000",13.8,82.99,4.6705708503723145,8.010518074035645,11.937631607055664
"2024-05-16 03:30:00.0000",13.71,83.67,5.298181056976318,9.004653930664062,14.252959251403809
"2024-05-16 03:40:00.0000",13.54,84.17,5.36568546295166,9.230913162231445,14.941360473632812
"2024-05-16 03:50:00.0000",13.45,84.61,5.736752510070801,9.258066177368164,14.156879425048828
"2024-05-16 04:00:00.0000",13.37,85.47,7.991369247436523,12.121630668640137,28.19601821899414
"2024-05-16 04:10:00.0000",13.25,86.29,8.981263160705566,13.239962577819824,20.71854019165039
"2024-05-16 04:20:00.0000",13.19,86.92,10.392876625061035,15.424384117126465,21.567825317382812
"2024-05-16 04:30:00.0000",13.12,87.35,10.650282859802246,16.16025733947754,24.624942779541016
"2024-05-16 04:40:00.0000",13.03,87.78,12.099787712097168,18.447423934936523,26.97129249572754
"2024-05-16 04:50:00.0000",13,88.15,12.485173225402832,18.621925354003906,24.596311569213867
"2024-05-16 05:00:00.0000",13,88.31,12.56277084350586,19.512535095214844,28.047216415405273
"2024-05-16 05:10:00.0000",12.97,88.47,12.969918251037598,19.697498321533203,25.27632713317871
"2024-05-16 05:20:00.0000",12.99,88.49,12.8782958984375,19.541528701782227,34.94894027709961
"2024-05-16 05:30:00.0000",13.02,88.5,13.169114112854004,20.315505981445312,30.600326538085938
"2024-05-16 05:40:00.0000",13.03,88.54,13.349748611450195,21.533662796020508,35.37631607055664
"2024-05-16 05:50:00.0000",13.09,88.4,13.494133949279785,21.260650634765625,30.696636199951172
"2024-05-16 06:00:00.0000",13.18,88.38,14.903214454650879,23.151884078979492,32.35691452026367
"2024-05-16 06:10:00.0000",13.44,87.84,15.1019287109375,25.148658752441406,41.76102828979492
"2024-05-16 06:20:00.0000",13.85,86.36,13.537210464477539,20.746078491210938,26.6658878326416
"2024-05-16 06:30:00.0000",14.25,84.7,11.577587127685547,18.918495178222656,28.212831497192383
"2024-05-16 06:40:00.0000",14.63,83.18,9.773449897766113,15.19828987121582,23.232080459594727
"2024-05-16 06:50:00.0000",15.08,81.73,9.4983549118042,14.880942344665527,22.634794235229492
"2024-05-16 07:00:00.0000",15.5,80.47,9.162769317626953,14.344539642333984,27.574237823486328
"2024-05-16 07:10:00.0000",15.78,78.87,8.31473159790039,12.55816650390625,20.778606414794922
"2024-05-16 07:20:00.0000",15.73,78.62,8.103960990905762,12.486428260803223,19.71864891052246
"2024-05-16 07:30:00.0000",15.62,78.96,9.119403839111328,14.065016746520996,19.422170639038086
"2024-05-16 07:40:00.0000",15.76,78.79,9.547085762023926,13.3631591796875,21.645652770996094
"2024-05-16 07:50:00.0000",15.86,78.66,9.430258750915527,13.693557739257812,24.81186866760254
"2024-05-16 08:00:00.0000",16.05,78.13,8.033693313598633,12.722922325134277,17.263885498046875
"2024-05-16 08:10:00.0000",16.56,76.61,8.15082836151123,12.328993797302246,21.354557037353516
"2024-05-16 08:20:00.0000",17.05,74.67,8.361331939697266,12.4874849319458,16.705825805664062
"2024-05-16 08:30:00.0000",17.48,73.69,9.328252792358398,14.09043025970459,33.64238739013672
"2024-05-16 08:40:00.0000",17.17,74.17,10.54295539855957,16.530250549316406,28.394084930419922
"2024-05-16 08:50:00.0000",16.77,75.7,11.54725456237793,18.05731201171875,39.585079193115234
"2024-05-16 09:00:00.0000",16.76,75.57,11.091415405273438,16.695173263549805,29.662389755249023
"2024-05-16 09:10:00.0000",17.13,74.93,10.03612995147705,15.766804695129395,25.507694244384766
"2024-05-16 09:20:00.0000",16.92,75.1,11.664182662963867,17.33123016357422,29.550695419311523
"2024-05-16 09:30:00.0000",17.09,74.44,12.178930282592773,17.99303436279297,28.341527938842773
"2024-05-16 09:40:00.0000",17.09,74.51,9.97370719909668,16.376468658447266,24.110403060913086
"2024-05-16 09:50:00.0000",17.66,73.15,9.39037799835205,14.037137985229492,23.236801147460938
"2024-05-16 10:00:00.0000",18.14,71.32,8.689286231994629,14.07133960723877,20.45149040222168
"2024-05-16 10:10:00.0000",18.29,70.25,9.30990982055664,13.794061660766602,21.483722686767578
"2024-05-16 10:20:00.0000",18.77,69.01,8.59790325164795,14.20334243774414,25.158193588256836
"2024-05-16 10:30:00.0000",18.79,68.64,11.024463653564453,16.535478591918945,28.010435104370117
"2024-05-16 10:40:00.0000",18.39,70.45,9.95606517791748,15.943329811096191,37.75665283203125
"2024-05-16 10:50:00.0000",19.19,68.44,7.460556983947754,12.564093589782715,27.535438537597656
"2024-05-16 11:00:00.0000",19.2,67.87,8.868443489074707,14.448464393615723,26.015281677246094
"2024-05-16 11:10:00.0000",18.86,68.82,10.009069442749023,14.487548828125,20.285537719726562
"2024-05-16 11:20:00.0000",18.21,71.03,11.090442657470703,17.089832305908203,27.04261016845703
"2024-05-16 11:30:00.0000",17.67,72.44,10.549476623535156,16.205793380737305,26.42390251159668
"2024-05-16 11:40:00.0000",17.32,73.38,9.813129425048828,15.150874137878418,20.09479522705078
"2024-05-16 11:50:00.0000",17.19,74.61,10.191305160522461,15.350820541381836,24.608154296875
"2024-05-16 12:00:00.0000",17.1,76.46,11.377283096313477,16.588947296142578,23.486995697021484
"2024-05-16 12:10:00.0000",17.08,78.35,11.734496116638184,17.88077163696289,35.70670700073242
"2024-05-16 12:20:00.0000",17.07,80.4,11.758654594421387,17.25579071044922,25.946657180786133
"2024-05-16 12:30:00.0000",17.14,77.54,10.917242050170898,16.139013290405273,27.373247146606445
"2024-05-16 12:40:00.0000",17.06,75.79,8.843108177185059,12.915314674377441,17.249589920043945
"2024-05-16 12:50:00.0000",16.92,75.41,7.281200885772705,11.770322799682617,28.4561710357666
"2024-05-16 13:00:00.0000",16.72,77.36,8.543488502502441,12.966259002685547,24.401796340942383
"2024-05-16 13:10:00.0000",16.77,80.72,10.903637886047363,16.569007873535156,22.37911033630371
"2024-05-16 13:20:00.0000",16.49,82.31,11.004158020019531,16.224817276000977,26.336999893188477
"2024-05-16 13:30:00.0000",16.21,84.25,10.795611381530762,16.165056228637695,23.90806770324707
"2024-05-16 13:40:00.0000",16.14,84.97,10.207695007324219,15.881136894226074,23.038423538208008
"2024-05-16 13:50:00.0000",16.1,86.07,10.175357818603516,15.96961784362793,22.898942947387695
"2024-05-16 14:00:00.0000",15.97,85.99,9.230037689208984,14.717708587646484,27.937288284301758

